10 4
10 4
10 6
10 5
10 5
10 4
10 6
10 5
10 4
10 5
10 3
10 4
10 6
10 6
10 5
10 4
10 4
10 4
10 4
10 4
10 6
10 4
10 6
10 4
10 6
10 4
10 4
10 5
10 4
10 5
10 4
10 4
10 3
10 4
10 5
10 5
10 4
10 8
10 3
10 4
10 4
10 4
10 4
10 5
10 5
10 5
10 6
10 5
10 4
10 5
20 7
20 9
20 7
20 6
20 8
20 8
20 7
20 6
20 8
20 6
20 8
20 6
20 8
20 9
20 6
20 7
20 6
20 11
20 6
20 6
20 7
20 7
20 8
20 8
20 6
20 7
20 6
20 7
20 6
20 5
20 7
20 6
20 8
20 5
20 5
20 6
20 6
20 6
20 5
20 7
20 8
20 7
20 6
20 7
20 7
20 9
20 6
20 7
20 8
20 9
30 8
30 10
30 7
30 7
30 8
30 9
30 7
30 10
30 9
30 9
30 11
30 10
30 8
30 7
30 6
30 7
30 7
30 11
30 7
30 12
30 8
30 8
30 7
30 8
30 8
30 8
30 7
30 7
30 8
30 9
30 9
30 9
30 8
30 7
30 8
30 7
30 9
30 8
30 9
30 8
30 9
30 9
30 7
30 9
30 8
30 8
30 8
30 8
30 10
30 8
40 10
40 10
40 9
40 9
40 10
40 10
40 12
40 9
40 8
40 8
40 9
40 10
40 10
40 7
40 8
40 9
40 8
40 9
40 9
40 10
40 10
40 8
40 8
40 7
40 9
40 10
40 7
40 10
40 9
40 11
40 9
40 8
40 9
40 12
40 11
40 8
40 9
40 7
40 8
40 9
40 10
40 10
40 8
40 11
40 8
40 7
40 8
40 10
40 8
40 8
50 8
50 14
50 10
50 9
50 15
50 9
50 10
50 9
50 9
50 8
50 12
50 9
50 9
50 8
50 10
50 9
50 8
50 12
50 8
50 11
50 10
50 12
50 8
50 8
50 9
50 10
50 10
50 7
50 10
50 11
50 9
50 10
50 10
50 10
50 11
50 11
50 10
50 10
50 11
50 11
50 10
50 13
50 10
50 12
50 11
50 10
50 9
50 10
50 8
50 8
60 12
60 14
60 12
60 10
60 10
60 13
60 10
60 11
60 11
60 9
60 10
60 10
60 8
60 10
60 11
60 10
60 12
60 11
60 11
60 11
60 10
60 10
60 10
60 10
60 11
60 8
60 11
60 12
60 11
60 12
60 10
60 13
60 10
60 10
60 10
60 12
60 9
60 11
60 9
60 8
60 11
60 14
60 10
60 11
60 10
60 10
60 10
60 11
60 10
60 11
70 11
70 12
70 12
70 12
70 12
70 14
70 10
70 8
70 11
70 14
70 11
70 10
70 10
70 9
70 12
70 11
70 11
70 11
70 13
70 11
70 12
70 9
70 11
70 12
70 11
70 15
70 12
70 11
70 13
70 12
70 10
70 10
70 10
70 11
70 10
70 11
70 9
70 9
70 11
70 13
70 9
70 11
70 10
70 12
70 9
70 10
70 11
70 15
70 11
70 12
80 9
80 11
80 14
80 9
80 10
80 13
80 10
80 10
80 12
80 15
80 11
80 11
80 13
80 12
80 14
80 13
80 11
80 12
80 11
80 17
80 10
80 13
80 12
80 13
80 10
80 8
80 10
80 9
80 9
80 10
80 10
80 13
80 12
80 12
80 14
80 10
80 11
80 9
80 13
80 14
80 10
80 11
80 10
80 11
80 11
80 12
80 13
80 9
80 14
80 10
90 14
90 14
90 10
90 12
90 12
90 12
90 9
90 15
90 12
90 11
90 11
90 13
90 10
90 12
90 12
90 15
90 12
90 17
90 12
90 13
90 11
90 17
90 12
90 14
90 10
90 14
90 13
90 13
90 12
90 14
90 17
90 11
90 11
90 15
90 10
90 10
90 15
90 12
90 14
90 10
90 11
90 11
90 14
90 11
90 12
90 12
90 10
90 13
90 13
90 13
100 15
100 12
100 11
100 12
100 15
100 14
100 13
100 11
100 12
100 13
100 12
100 11
100 12
100 12
100 13
100 13
100 12
100 10
100 13
100 11
100 12
100 17
100 11
100 13
100 10
100 13
100 12
100 12
100 12
100 11
100 11
100 15
100 16
100 18
100 12
100 12
100 12
100 12
100 12
100 15
100 12
100 14
100 15
100 14
100 12
100 10
100 13
100 11
100 13
100 16
110 9
110 13
110 12
110 14
110 12
110 12
110 16
110 12
110 12
110 14
110 13
110 16
110 14
110 12
110 12
110 16
110 14
110 12
110 12
110 12
110 11
110 15
110 12
110 11
110 14
110 13
110 14
110 14
110 11
110 14
110 12
110 16
110 15
110 13
110 12
110 12
110 14
110 13
110 12
110 12
110 11
110 11
110 13
110 14
110 13
110 16
110 13
110 14
110 11
110 12
120 16
120 14
120 15
120 12
120 15
120 12
120 12
120 13
120 15
120 14
120 13
120 15
120 13
120 12
120 14
120 14
120 14
120 11
120 16
120 11
120 14
120 11
120 13
120 15
120 14
120 14
120 15
120 19
120 13
120 12
120 14
120 14
120 14
120 17
120 14
120 12
120 14
120 15
120 14
120 12
120 12
120 14
120 12
120 12
120 16
120 13
120 13
120 12
120 12
120 13
130 11
130 12
130 14
130 13
130 12
130 14
130 13
130 13
130 14
130 14
130 13
130 15
130 13
130 13
130 14
130 14
130 14
130 17
130 12
130 16
130 12
130 14
130 12
130 13
130 15
130 13
130 14
130 13
130 16
130 15
130 12
130 15
130 10
130 14
130 15
130 15
130 14
130 13
130 12
130 13
130 14
130 14
130 14
130 13
130 13
130 12
130 14
130 13
130 14
130 13
140 15
140 15
140 14
140 16
140 13
140 12
140 14
140 13
140 12
140 13
140 15
140 14
140 12
140 14
140 14
140 11
140 16
140 14
140 16
140 11
140 13
140 15
140 17
140 13
140 14
140 15
140 15
140 11
140 13
140 13
140 13
140 14
140 12
140 12
140 13
140 14
140 14
140 12
140 13
140 16
140 13
140 12
140 14
140 12
140 13
140 13
140 14
140 20
140 18
140 13
150 14
150 14
150 13
150 13
150 13
150 14
150 13
150 16
150 14
150 16
150 15
150 15
150 15
150 15
150 15
150 15
150 14
150 12
150 14
150 12
150 16
150 15
150 17
150 15
150 17
150 13
150 13
150 15
150 15
150 14
150 12
150 16
150 12
150 15
150 13
150 15
150 14
150 15
150 13
150 14
150 15
150 15
150 12
150 16
150 14
150 15
150 15
150 12
150 11
150 13
160 16
160 12
160 14
160 19
160 15
160 14
160 13
160 13
160 16
160 17
160 17
160 13
160 11
160 17
160 14
160 11
160 15
160 14
160 16
160 13
160 12
160 17
160 15
160 15
160 16
160 13
160 14
160 14
160 13
160 14
160 15
160 11
160 15
160 13
160 13
160 17
160 13
160 18
160 12
160 14
160 14
160 17
160 14
160 15
160 14
160 15
160 14
160 13
160 11
160 13
170 16
170 13
170 16
170 16
170 15
170 12
170 19
170 13
170 14
170 15
170 15
170 15
170 18
170 14
170 17
170 15
170 12
170 11
170 12
170 11
170 16
170 14
170 12
170 16
170 14
170 14
170 13
170 14
170 13
170 14
170 14
170 14
170 14
170 14
170 20
170 16
170 17
170 13
170 15
170 11
170 17
170 16
170 14
170 13
170 17
170 15
170 13
170 13
170 12
170 16
180 16
180 15
180 14
180 12
180 12
180 20
180 19
180 14
180 13
180 14
180 18
180 15
180 16
180 16
180 14
180 13
180 15
180 17
180 16
180 17
180 16
180 14
180 17
180 14
180 17
180 14
180 13
180 19
180 16
180 18
180 14
180 16
180 14
180 17
180 13
180 13
180 15
180 14
180 15
180 13
180 14
180 14
180 16
180 12
180 15
180 15
180 14
180 16
180 13
180 13
190 18
190 16
190 15
190 18
190 15
190 13
190 16
190 16
190 16
190 15
190 15
190 14
190 13
190 17
190 16
190 15
190 13
190 16
190 13
190 13
190 13
190 16
190 13
190 15
190 14
190 15
190 17
190 16
190 14
190 15
190 14
190 16
190 17
190 14
190 14
190 15
190 14
190 15
190 11
190 17
190 14
190 17
190 17
190 16
190 15
190 15
190 14
190 14
190 14
190 13
200 15
200 13
200 16
200 19
200 17
200 14
200 15
200 15
200 14
200 14
200 15
200 15
200 15
200 17
200 15
200 13
200 13
200 17
200 16
200 16
200 16
200 14
200 13
200 11
200 14
200 14
200 17
200 13
200 15
200 15
200 13
200 15
200 18
200 15
200 14
200 14
200 15
200 14
200 16
200 16
200 17
200 15
200 13
200 13
200 15
200 18
200 13
200 13
200 14
200 14
210 15
210 16
210 16
210 16
210 18
210 16
210 14
210 14
210 13
210 14
210 13
210 14
210 17
210 13
210 16
210 15
210 14
210 15
210 14
210 17
210 17
210 17
210 15
210 15
210 15
210 16
210 15
210 13
210 17
210 15
210 16
210 16
210 14
210 16
210 16
210 13
210 19
210 14
210 21
210 15
210 13
210 14
210 14
210 16
210 13
210 14
210 15
210 14
210 15
210 14
220 13
220 18
220 14
220 17
220 13
220 19
220 12
220 15
220 14
220 15
220 13
220 16
220 18
220 16
220 15
220 17
220 18
220 16
220 18
220 17
220 13
220 13
220 14
220 18
220 21
220 15
220 16
220 17
220 15
220 14
220 14
220 15
220 17
220 18
220 15
220 13
220 15
220 14
220 14
220 15
220 14
220 13
220 16
220 15
220 17
220 17
220 18
220 16
220 12
220 15
230 15
230 14
230 15
230 16
230 12
230 13
230 14
230 20
230 16
230 17
230 16
230 17
230 16
230 16
230 15
230 16
230 18
230 17
230 15
230 14
230 14
230 14
230 14
230 17
230 16
230 18
230 16
230 16
230 14
230 18
230 15
230 17
230 16
230 16
230 17
230 20
230 17
230 17
230 18
230 17
230 17
230 17
230 14
230 14
230 13
230 17
230 14
230 16
230 16
230 17
240 15
240 15
240 14
240 15
240 15
240 17
240 15
240 17
240 15
240 19
240 15
240 15
240 17
240 18
240 15
240 16
240 18
240 16
240 15
240 16
240 17
240 14
240 15
240 16
240 15
240 15
240 16
240 15
240 16
240 14
240 14
240 17
240 15
240 16
240 14
240 17
240 15
240 15
240 15
240 16
240 15
240 12
240 15
240 15
240 19
240 13
240 13
240 16
240 18
240 15
250 15
250 16
250 13
250 16
250 17
250 15
250 15
250 15
250 15
250 15
250 15
250 17
250 14
250 15
250 18
250 15
250 14
250 18
250 13
250 18
250 18
250 15
250 14
250 25
250 14
250 16
250 17
250 16
250 16
250 15
250 15
250 22
250 16
250 17
250 13
250 16
250 17
250 15
250 19
250 17
250 14
250 16
250 19
250 16
250 15
250 16
250 18
250 16
250 16
250 17
260 17
260 17
260 16
260 16
260 17
260 15
260 16
260 22
260 17
260 18
260 15
260 15
260 18
260 15
260 20
260 15
260 16
260 19
260 14
260 15
260 15
260 17
260 14
260 15
260 16
260 17
260 17
260 14
260 15
260 16
260 13
260 19
260 19
260 15
260 15
260 14
260 17
260 17
260 14
260 20
260 18
260 14
260 16
260 17
260 17
260 15
260 17
260 17
260 20
260 15
270 16
270 18
270 17
270 14
270 16
270 13
270 16
270 20
270 16
270 16
270 17
270 16
270 15
270 15
270 19
270 16
270 16
270 16
270 17
270 17
270 17
270 17
270 16
270 15
270 19
270 18
270 17
270 18
270 14
270 17
270 15
270 15
270 17
270 20
270 14
270 17
270 16
270 16
270 15
270 19
270 17
270 17
270 15
270 16
270 12
270 14
270 19
270 16
270 17
270 18
280 17
280 17
280 15
280 18
280 15
280 21
280 15
280 18
280 14
280 17
280 16
280 17
280 18
280 14
280 17
280 18
280 21
280 17
280 18
280 17
280 16
280 21
280 20
280 18
280 15
280 16
280 14
280 16
280 17
280 15
280 20
280 19
280 17
280 15
280 16
280 14
280 18
280 16
280 15
280 18
280 14
280 20
280 13
280 17
280 16
280 16
280 15
280 16
280 16
280 14
290 14
290 16
290 18
290 18
290 18
290 16
290 15
290 16
290 15
290 17
290 16
290 18
290 15
290 18
290 16
290 16
290 14
290 17
290 15
290 18
290 17
290 14
290 14
290 18
290 14
290 18
290 13
290 14
290 13
290 17
290 20
290 16
290 18
290 16
290 16
290 18
290 17
290 25
290 16
290 16
290 15
290 16
290 17
290 16
290 18
290 18
290 14
290 18
290 15
290 16
300 14
300 20
300 18
300 16
300 18
300 18
300 16
300 16
300 17
300 17
300 17
300 16
300 18
300 17
300 14
300 15
300 16
300 15
300 15
300 16
300 15
300 17
300 15
300 18
300 17
300 17
300 15
300 18
300 17
300 17
300 18
300 17
300 15
300 15
300 18
300 15
300 15
300 16
300 18
300 17
300 19
300 16
300 19
300 19
300 16
300 16
300 15
300 16
300 16
300 15
310 22
310 20
310 17
310 17
310 19
310 19
310 15
310 14
310 17
310 18
310 16
310 15
310 16
310 15
310 16
310 14
310 17
310 17
310 17
310 15
310 17
310 15
310 17
310 17
310 14
310 16
310 17
310 17
310 18
310 14
310 20
310 17
310 18
310 18
310 16
310 14
310 14
310 16
310 18
310 19
310 17
310 15
310 16
310 19
310 21
310 15
310 16
310 16
310 18
310 18
320 16
320 19
320 15
320 16
320 16
320 14
320 21
320 21
320 18
320 16
320 14
320 16
320 17
320 17
320 14
320 16
320 16
320 20
320 18
320 18
320 15
320 14
320 16
320 17
320 14
320 18
320 17
320 19
320 16
320 17
320 20
320 15
320 18
320 16
320 18
320 17
320 16
320 20
320 21
320 18
320 18
320 18
320 16
320 18
320 18
320 16
320 15
320 16
320 18
320 17
330 18
330 15
330 17
330 16
330 19
330 15
330 20
330 16
330 16
330 17
330 16
330 15
330 20
330 19
330 16
330 18
330 16
330 15
330 16
330 18
330 18
330 16
330 17
330 15
330 16
330 17
330 17
330 18
330 15
330 21
330 17
330 20
330 18
330 18
330 15
330 17
330 15
330 19
330 19
330 17
330 16
330 17
330 18
330 16
330 17
330 16
330 15
330 17
330 16
330 18
340 27
340 18
340 14
340 18
340 16
340 16
340 16
340 18
340 15
340 18
340 17
340 17
340 18
340 18
340 14
340 20
340 16
340 17
340 19
340 16
340 15
340 15
340 17
340 18
340 17
340 16
340 15
340 18
340 17
340 13
340 18
340 19
340 17
340 15
340 17
340 18
340 17
340 18
340 15
340 18
340 16
340 16
340 16
340 16
340 16
340 20
340 17
340 17
340 17
340 17
350 20
350 16
350 22
350 17
350 18
350 15
350 16
350 17
350 15
350 20
350 14
350 17
350 18
350 16
350 16
350 15
350 17
350 20
350 18
350 16
350 19
350 18
350 19
350 18
350 18
350 19
350 20
350 15
350 16
350 19
350 17
350 16
350 15
350 17
350 17
350 17
350 17
350 17
350 21
350 17
350 20
350 18
350 17
350 16
350 18
350 16
350 16
350 16
350 16
350 18
360 17
360 15
360 18
360 14
360 15
360 16
360 16
360 15
360 17
360 16
360 18
360 19
360 16
360 17
360 16
360 17
360 20
360 18
360 16
360 16
360 15
360 16
360 17
360 19
360 20
360 16
360 19
360 18
360 17
360 19
360 18
360 21
360 18
360 18
360 22
360 18
360 15
360 17
360 18
360 18
360 16
360 19
360 19
360 14
360 20
360 20
360 22
360 18
360 20
360 16
370 16
370 19
370 16
370 15
370 20
370 22
370 16
370 18
370 17
370 15
370 16
370 19
370 18
370 17
370 16
370 17
370 17
370 17
370 17
370 19
370 20
370 17
370 17
370 15
370 18
370 17
370 19
370 21
370 19
370 17
370 19
370 19
370 16
370 17
370 17
370 17
370 17
370 17
370 18
370 16
370 18
370 18
370 19
370 17
370 19
370 16
370 19
370 17
370 19
370 16
380 15
380 18
380 17
380 22
380 19
380 17
380 20
380 21
380 16
380 15
380 19
380 16
380 19
380 18
380 18
380 20
380 19
380 16
380 21
380 17
380 19
380 17
380 20
380 17
380 18
380 17
380 18
380 18
380 16
380 17
380 20
380 17
380 17
380 15
380 18
380 16
380 17
380 19
380 21
380 16
380 20
380 17
380 18
380 18
380 18
380 16
380 17
380 16
380 19
380 17
390 15
390 16
390 18
390 20
390 18
390 19
390 13
390 16
390 19
390 19
390 16
390 18
390 20
390 18
390 16
390 15
390 17
390 16
390 20
390 18
390 15
390 18
390 18
390 19
390 21
390 18
390 18
390 17
390 16
390 16
390 20
390 17
390 17
390 19
390 16
390 17
390 19
390 17
390 16
390 16
390 16
390 15
390 19
390 19
390 17
390 19
390 19
390 17
390 18
390 17
400 18
400 18
400 17
400 20
400 19
400 17
400 21
400 16
400 18
400 17
400 20
400 16
400 20
400 19
400 22
400 18
400 17
400 18
400 17
400 18
400 17
400 16
400 17
400 19
400 16
400 16
400 18
400 22
400 19
400 18
400 19
400 19
400 17
400 19
400 17
400 18
400 17
400 17
400 18
400 17
400 16
400 17
400 16
400 17
400 19
400 18
400 15
400 20
400 20
400 20
410 21
410 17
410 21
410 19
410 17
410 18
410 17
410 23
410 17
410 15
410 17
410 19
410 17
410 17
410 17
410 20
410 19
410 23
410 16
410 15
410 21
410 16
410 18
410 20
410 21
410 15
410 17
410 17
410 20
410 17
410 19
410 17
410 20
410 18
410 18
410 16
410 21
410 16
410 17
410 19
410 19
410 16
410 18
410 17
410 18
410 18
410 18
410 14
410 17
410 17
420 19
420 19
420 18
420 18
420 19
420 19
420 26
420 18
420 19
420 19
420 17
420 23
420 20
420 18
420 17
420 16
420 17
420 18
420 24
420 16
420 18
420 17
420 19
420 19
420 16
420 18
420 21
420 17
420 19
420 20
420 18
420 18
420 17
420 16
420 20
420 16
420 18
420 18
420 18
420 18
420 16
420 18
420 19
420 20
420 15
420 15
420 18
420 17
420 20
420 18
430 19
430 16
430 18
430 18
430 17
430 18
430 24
430 17
430 17
430 22
430 19
430 17
430 19
430 20
430 21
430 17
430 21
430 17
430 17
430 17
430 19
430 17
430 19
430 17
430 19
430 17
430 17
430 20
430 16
430 16
430 18
430 17
430 17
430 18
430 17
430 20
430 22
430 19
430 19
430 19
430 16
430 20
430 21
430 17
430 17
430 20
430 17
430 21
430 17
430 17
440 17
440 16
440 16
440 16
440 16
440 18
440 17
440 17
440 17
440 17
440 18
440 18
440 18
440 16
440 16
440 17
440 17
440 21
440 16
440 16
440 20
440 17
440 16
440 15
440 19
440 17
440 19
440 16
440 16
440 18
440 16
440 17
440 19
440 16
440 18
440 16
440 17
440 18
440 18
440 20
440 20
440 17
440 17
440 16
440 16
440 18
440 21
440 17
440 19
440 19
450 21
450 16
450 18
450 21
450 17
450 16
450 19
450 19
450 22
450 21
450 19
450 18
450 21
450 20
450 16
450 13
450 17
450 19
450 16
450 15
450 17
450 15
450 17
450 19
450 17
450 22
450 17
450 18
450 18
450 17
450 20
450 16
450 17
450 19
450 18
450 19
450 21
450 17
450 19
450 17
450 22
450 17
450 19
450 19
450 20
450 17
450 19
450 17
450 18
450 20
460 20
460 15
460 19
460 17
460 21
460 19
460 19
460 19
460 20
460 18
460 18
460 16
460 24
460 20
460 20
460 18
460 18
460 18
460 17
460 18
460 18
460 21
460 20
460 18
460 19
460 16
460 17
460 17
460 21
460 20
460 19
460 18
460 17
460 18
460 16
460 17
460 18
460 17
460 20
460 18
460 21
460 20
460 18
460 19
460 19
460 21
460 16
460 19
460 16
460 22
470 21
470 18
470 17
470 16
470 14
470 19
470 18
470 21
470 20
470 18
470 18
470 17
470 19
470 16
470 17
470 16
470 17
470 17
470 22
470 19
470 18
470 17
470 19
470 19
470 18
470 20
470 18
470 20
470 19
470 19
470 20
470 19
470 21
470 19
470 21
470 18
470 17
470 16
470 20
470 17
470 20
470 16
470 16
470 21
470 17
470 21
470 20
470 18
470 18
470 18
480 19
480 18
480 20
480 19
480 17
480 20
480 21
480 19
480 21
480 19
480 20
480 21
480 20
480 21
480 20
480 18
480 18
480 18
480 17
480 16
480 18
480 18
480 19
480 19
480 18
480 17
480 14
480 17
480 21
480 20
480 18
480 18
480 16
480 16
480 16
480 18
480 20
480 18
480 19
480 19
480 20
480 20
480 21
480 17
480 20
480 16
480 20
480 16
480 21
480 18
490 20
490 17
490 17
490 18
490 18
490 18
490 21
490 20
490 17
490 16
490 17
490 20
490 18
490 16
490 17
490 18
490 16
490 17
490 19
490 18
490 18
490 21
490 19
490 20
490 19
490 20
490 17
490 18
490 19
490 17
490 18
490 17
490 19
490 16
490 21
490 19
490 21
490 18
490 17
490 21
490 20
490 19
490 17
490 15
490 18
490 19
490 16
490 18
490 18
490 24
500 19
500 20
500 18
500 19
500 14
500 21
500 19
500 18
500 18
500 19
500 18
500 19
500 15
500 17
500 19
500 19
500 22
500 18
500 19
500 17
500 18
500 16
500 20
500 19
500 19
500 19
500 17
500 16
500 20
500 19
500 17
500 18
500 16
500 17
500 20
500 18
500 19
500 19
500 21
500 20
500 19
500 19
500 19
500 21
500 17
500 20
500 19
500 21
500 15
500 17
510 18
510 18
510 17
510 20
510 18
510 17
510 19
510 19
510 18
510 19
510 21
510 19
510 21
510 21
510 17
510 17
510 20
510 20
510 19
510 18
510 16
510 19
510 15
510 21
510 20
510 18
510 17
510 20
510 17
510 19
510 17
510 18
510 17
510 18
510 17
510 18
510 16
510 18
510 21
510 22
510 18
510 18
510 17
510 17
510 18
510 18
510 20
510 19
510 19
510 20
520 18
520 20
520 19
520 17
520 18
520 19
520 18
520 19
520 20
520 19
520 21
520 20
520 16
520 17
520 18
520 17
520 18
520 16
520 19
520 21
520 20
520 16
520 20
520 20
520 17
520 18
520 24
520 18
520 19
520 19
520 16
520 22
520 18
520 18
520 17
520 20
520 18
520 18
520 17
520 18
520 18
520 20
520 19
520 17
520 19
520 18
520 21
520 16
520 15
520 18
530 16
530 19
530 19
530 18
530 20
530 21
530 21
530 18
530 18
530 17
530 18
530 18
530 21
530 17
530 19
530 18
530 18
530 17
530 17
530 18
530 20
530 20
530 20
530 17
530 23
530 21
530 20
530 22
530 21
530 19
530 19
530 19
530 21
530 17
530 18
530 22
530 18
530 18
530 18
530 21
530 19
530 18
530 17
530 18
530 17
530 17
530 24
530 16
530 22
530 23
540 17
540 22
540 20
540 18
540 22
540 16
540 20
540 22
540 21
540 17
540 20
540 18
540 19
540 20
540 18
540 21
540 18
540 18
540 18
540 22
540 19
540 19
540 18
540 19
540 19
540 16
540 17
540 19
540 17
540 18
540 16
540 17
540 19
540 17
540 20
540 20
540 19
540 17
540 16
540 17
540 19
540 20
540 20
540 22
540 18
540 19
540 20
540 21
540 23
540 18
550 22
550 20
550 17
550 19
550 18
550 20
550 19
550 17
550 17
550 17
550 19
550 18
550 19
550 15
550 17
550 19
550 17
550 22
550 19
550 16
550 19
550 18
550 19
550 19
550 20
550 22
550 17
550 20
550 19
550 22
550 20
550 19
550 18
550 18
550 20
550 17
550 20
550 17
550 22
550 16
550 20
550 15
550 20
550 17
550 23
550 18
550 19
550 21
550 17
550 18
560 19
560 17
560 20
560 19
560 20
560 21
560 17
560 22
560 19
560 18
560 20
560 17
560 17
560 19
560 21
560 20
560 20
560 17
560 18
560 16
560 18
560 19
560 22
560 17
560 19
560 18
560 19
560 19
560 20
560 18
560 17
560 18
560 16
560 18
560 16
560 19
560 17
560 18
560 18
560 21
560 18
560 19
560 21
560 18
560 21
560 20
560 19
560 18
560 19
560 17
570 20
570 19
570 19
570 17
570 19
570 19
570 18
570 19
570 19
570 22
570 18
570 17
570 23
570 19
570 19
570 21
570 18
570 20
570 19
570 21
570 21
570 19
570 20
570 19
570 19
570 20
570 21
570 17
570 17
570 21
570 18
570 21
570 20
570 21
570 20
570 23
570 19
570 20
570 19
570 20
570 20
570 19
570 20
570 22
570 18
570 18
570 17
570 23
570 21
570 18
580 18
580 19
580 18
580 17
580 20
580 24
580 18
580 19
580 19
580 22
580 18
580 18
580 18
580 19
580 16
580 18
580 19
580 23
580 19
580 20
580 26
580 18
580 18
580 16
580 20
580 20
580 22
580 21
580 17
580 20
580 19
580 17
580 19
580 15
580 21
580 19
580 19
580 20
580 18
580 19
580 19
580 19
580 19
580 18
580 18
580 22
580 18
580 21
580 20
580 18
590 19
590 17
590 17
590 18
590 18
590 20
590 19
590 19
590 19
590 16
590 19
590 19
590 19
590 19
590 20
590 18
590 19
590 23
590 16
590 20
590 18
590 18
590 18
590 21
590 22
590 18
590 17
590 17
590 22
590 23
590 18
590 24
590 20
590 20
590 18
590 24
590 18
590 17
590 17
590 17
590 19
590 19
590 16
590 20
590 20
590 19
590 18
590 19
590 19
590 21
600 18
600 18
600 19
600 19
600 20
600 17
600 19
600 21
600 17
600 22
600 21
600 21
600 18
600 18
600 19
600 19
600 22
600 20
600 20
600 18
600 18
600 21
600 19
600 21
600 20
600 16
600 19
600 20
600 21
600 23
600 20
600 19
600 19
600 18
600 23
600 19
600 18
600 21
600 19
600 17
600 18
600 23
600 17
600 20
600 19
600 20
600 18
600 22
600 23
600 20
610 18
610 18
610 18
610 17
610 19
610 18
610 22
610 17
610 19
610 19
610 21
610 17
610 18
610 23
610 22
610 21
610 17
610 18
610 23
610 19
610 19
610 20
610 21
610 19
610 19
610 19
610 18
610 17
610 21
610 20
610 20
610 19
610 26
610 20
610 17
610 20
610 20
610 21
610 20
610 19
610 17
610 19
610 21
610 18
610 19
610 19
610 18
610 22
610 22
610 22
620 18
620 21
620 19
620 18
620 19
620 20
620 20
620 19
620 23
620 18
620 20
620 22
620 20
620 17
620 20
620 18
620 22
620 20
620 22
620 18
620 17
620 20
620 17
620 19
620 25
620 17
620 17
620 22
620 16
620 17
620 17
620 18
620 18
620 21
620 20
620 20
620 20
620 19
620 17
620 19
620 23
620 19
620 20
620 19
620 21
620 18
620 21
620 19
620 18
620 22
630 16
630 19
630 17
630 16
630 22
630 17
630 17
630 21
630 15
630 19
630 17
630 19
630 18
630 20
630 21
630 20
630 22
630 21
630 17
630 23
630 22
630 18
630 22
630 17
630 19
630 18
630 17
630 21
630 18
630 18
630 18
630 18
630 21
630 20
630 21
630 19
630 20
630 19
630 18
630 20
630 17
630 21
630 19
630 25
630 19
630 20
630 22
630 22
630 25
630 21
640 18
640 22
640 18
640 20
640 21
640 22
640 19
640 20
640 17
640 19
640 21
640 17
640 17
640 19
640 23
640 17
640 20
640 23
640 19
640 21
640 19
640 21
640 20
640 21
640 22
640 18
640 21
640 23
640 20
640 21
640 20
640 18
640 20
640 21
640 22
640 21
640 19
640 18
640 19
640 21
640 18
640 21
640 22
640 19
640 21
640 19
640 21
640 19
640 20
640 21
650 20
650 21
650 20
650 18
650 20
650 19
650 18
650 19
650 20
650 18
650 21
650 22
650 19
650 19
650 19
650 18
650 20
650 19
650 22
650 21
650 20
650 18
650 20
650 22
650 21
650 19
650 19
650 21
650 20
650 19
650 19
650 18
650 19
650 17
650 18
650 18
650 19
650 21
650 22
650 18
650 17
650 23
650 19
650 18
650 22
650 23
650 18
650 22
650 18
650 19
660 17
660 22
660 19
660 20
660 18
660 18
660 17
660 20
660 23
660 21
660 18
660 20
660 22
660 19
660 19
660 19
660 18
660 19
660 21
660 20
660 17
660 22
660 18
660 22
660 19
660 21
660 16
660 20
660 18
660 16
660 20
660 22
660 24
660 24
660 20
660 19
660 19
660 22
660 21
660 21
660 18
660 18
660 20
660 19
660 15
660 20
660 21
660 22
660 17
660 20
670 18
670 20
670 21
670 18
670 19
670 22
670 19
670 18
670 20
670 17
670 21
670 21
670 17
670 21
670 22
670 18
670 19
670 18
670 19
670 20
670 17
670 19
670 19
670 23
670 18
670 19
670 17
670 20
670 20
670 18
670 19
670 20
670 23
670 23
670 21
670 20
670 20
670 21
670 21
670 19
670 14
670 22
670 20
670 19
670 18
670 22
670 19
670 21
670 22
670 20
680 21
680 19
680 22
680 21
680 20
680 19
680 19
680 20
680 19
680 21
680 19
680 18
680 20
680 17
680 18
680 21
680 24
680 18
680 20
680 20
680 20
680 21
680 21
680 18
680 16
680 20
680 21
680 19
680 20
680 19
680 18
680 23
680 19
680 19
680 21
680 20
680 21
680 19
680 20
680 21
680 19
680 19
680 20
680 18
680 17
680 17
680 21
680 17
680 19
680 23
690 21
690 18
690 19
690 21
690 18
690 20
690 23
690 19
690 24
690 23
690 20
690 20
690 19
690 20
690 21
690 20
690 18
690 20
690 19
690 21
690 20
690 20
690 19
690 21
690 19
690 19
690 20
690 21
690 22
690 21
690 17
690 18
690 21
690 20
690 19
690 18
690 20
690 22
690 18
690 20
690 21
690 20
690 21
690 19
690 19
690 20
690 21
690 21
690 25
690 19
700 19
700 19
700 20
700 19
700 21
700 19
700 19
700 19
700 19
700 22
700 20
700 22
700 19
700 20
700 20
700 19
700 18
700 19
700 19
700 17
700 24
700 22
700 19
700 21
700 22
700 21
700 22
700 19
700 22
700 22
700 18
700 20
700 20
700 18
700 21
700 19
700 18
700 18
700 24
700 20
700 18
700 20
700 22
700 19
700 24
700 23
700 20
700 20
700 21
700 21
710 17
710 20
710 20
710 19
710 19
710 20
710 18
710 20
710 19
710 23
710 16
710 19
710 18
710 26
710 21
710 20
710 20
710 21
710 17
710 19
710 19
710 20
710 20
710 18
710 23
710 19
710 19
710 18
710 19
710 21
710 21
710 20
710 20
710 19
710 19
710 21
710 19
710 20
710 19
710 19
710 23
710 20
710 20
710 24
710 22
710 20
710 18
710 21
710 23
710 19
720 22
720 21
720 18
720 19
720 20
720 23
720 20
720 20
720 19
720 22
720 17
720 22
720 20
720 23
720 20
720 18
720 19
720 18
720 19
720 19
720 23
720 21
720 23
720 20
720 20
720 22
720 19
720 20
720 18
720 19
720 18
720 18
720 20
720 18
720 21
720 19
720 22
720 19
720 20
720 18
720 22
720 21
720 23
720 20
720 21
720 20
720 20
720 18
720 20
720 19
730 19
730 18
730 20
730 20
730 17
730 19
730 18
730 23
730 19
730 19
730 17
730 26
730 20
730 21
730 22
730 21
730 20
730 19
730 20
730 20
730 22
730 21
730 20
730 22
730 20
730 17
730 19
730 21
730 18
730 18
730 24
730 20
730 20
730 18
730 20
730 22
730 21
730 19
730 19
730 20
730 20
730 20
730 22
730 20
730 22
730 20
730 21
730 21
730 21
730 20
740 21
740 22
740 21
740 20
740 23
740 20
740 21
740 22
740 19
740 20
740 19
740 19
740 19
740 21
740 19
740 19
740 25
740 20
740 19
740 19
740 22
740 20
740 19
740 20
740 21
740 19
740 18
740 22
740 19
740 20
740 25
740 24
740 18
740 24
740 21
740 23
740 19
740 18
740 19
740 22
740 21
740 20
740 23
740 20
740 26
740 20
740 22
740 18
740 18
740 18
750 21
750 22
750 18
750 18
750 20
750 18
750 19
750 19
750 22
750 20
750 20
750 19
750 19
750 20
750 18
750 22
750 23
750 20
750 20
750 20
750 19
750 18
750 17
750 20
750 19
750 19
750 20
750 24
750 17
750 24
750 22
750 24
750 19
750 19
750 21
750 20
750 21
750 21
750 22
750 18
750 20
750 17
750 20
750 19
750 21
750 20
750 19
750 20
750 19
750 19
760 26
760 18
760 20
760 20
760 19
760 17
760 25
760 18
760 20
760 25
760 22
760 21
760 20
760 21
760 19
760 21
760 26
760 23
760 24
760 18
760 22
760 24
760 21
760 21
760 19
760 23
760 21
760 20
760 19
760 21
760 18
760 17
760 22
760 19
760 19
760 19
760 17
760 20
760 19
760 22
760 19
760 20
760 21
760 21
760 23
760 18
760 22
760 19
760 18
760 23
770 20
770 20
770 21
770 21
770 20
770 19
770 24
770 20
770 20
770 18
770 19
770 19
770 19
770 22
770 19
770 23
770 18
770 23
770 21
770 19
770 22
770 18
770 20
770 28
770 23
770 22
770 23
770 19
770 24
770 18
770 23
770 17
770 20
770 19
770 18
770 18
770 20
770 22
770 21
770 20
770 24
770 17
770 19
770 22
770 19
770 23
770 21
770 19
770 20
770 22
780 21
780 19
780 21
780 19
780 19
780 21
780 19
780 21
780 20
780 21
780 20
780 21
780 21
780 19
780 22
780 19
780 19
780 19
780 20
780 20
780 18
780 22
780 22
780 21
780 18
780 21
780 20
780 20
780 22
780 18
780 20
780 19
780 19
780 20
780 17
780 19
780 19
780 23
780 24
780 18
780 19
780 18
780 19
780 20
780 18
780 22
780 20
780 21
780 22
780 20
790 21
790 20
790 23
790 20
790 18
790 19
790 21
790 19
790 23
790 19
790 17
790 21
790 22
790 19
790 22
790 17
790 18
790 19
790 20
790 20
790 19
790 22
790 19
790 23
790 21
790 19
790 21
790 22
790 18
790 20
790 18
790 18
790 23
790 18
790 19
790 21
790 22
790 17
790 21
790 19
790 18
790 23
790 21
790 18
790 21
790 19
790 21
790 24
790 20
790 23
800 22
800 22
800 18
800 19
800 18
800 21
800 19
800 23
800 19
800 22
800 19
800 24
800 18
800 19
800 22
800 18
800 22
800 18
800 20
800 20
800 22
800 20
800 20
800 19
800 21
800 22
800 21
800 21
800 26
800 20
800 22
800 20
800 22
800 23
800 21
800 19
800 23
800 24
800 19
800 18
800 20
800 19
800 26
800 21
800 22
800 20
800 19
800 20
800 23
800 20
810 19
810 18
810 22
810 22
810 17
810 21
810 23
810 19
810 19
810 21
810 20
810 19
810 18
810 21
810 18
810 22
810 21
810 24
810 20
810 20
810 24
810 18
810 21
810 20
810 20
810 20
810 20
810 19
810 18
810 20
810 21
810 25
810 21
810 21
810 23
810 22
810 19
810 22
810 18
810 22
810 19
810 19
810 21
810 20
810 25
810 18
810 21
810 20
810 19
810 19
820 21
820 23
820 20
820 19
820 20
820 19
820 19
820 23
820 20
820 25
820 17
820 19
820 20
820 19
820 19
820 23
820 20
820 20
820 21
820 19
820 20
820 22
820 22
820 17
820 18
820 21
820 20
820 20
820 18
820 20
820 24
820 19
820 21
820 20
820 18
820 21
820 28
820 19
820 19
820 20
820 22
820 21
820 22
820 23
820 22
820 22
820 22
820 21
820 19
820 20
830 20
830 21
830 19
830 24
830 20
830 21
830 19
830 21
830 21
830 20
830 20
830 18
830 21
830 19
830 20
830 20
830 22
830 26
830 20
830 20
830 18
830 20
830 20
830 22
830 19
830 18
830 21
830 20
830 23
830 23
830 19
830 22
830 20
830 22
830 19
830 19
830 22
830 19
830 19
830 18
830 19
830 22
830 23
830 19
830 20
830 21
830 19
830 17
830 20
830 20
840 22
840 24
840 21
840 20
840 18
840 21
840 24
840 19
840 18
840 22
840 22
840 22
840 22
840 20
840 20
840 18
840 22
840 22
840 20
840 19
840 20
840 19
840 24
840 17
840 19
840 20
840 18
840 23
840 21
840 22
840 21
840 22
840 22
840 20
840 19
840 19
840 18
840 22
840 19
840 19
840 18
840 20
840 24
840 22
840 20
840 20
840 21
840 18
840 22
840 22
850 20
850 20
850 20
850 20
850 20
850 19
850 19
850 21
850 18
850 21
850 19
850 20
850 22
850 20
850 20
850 18
850 21
850 22
850 19
850 18
850 22
850 20
850 22
850 21
850 23
850 21
850 19
850 22
850 24
850 23
850 22
850 20
850 19
850 22
850 19
850 19
850 22
850 21
850 20
850 21
850 23
850 21
850 21
850 19
850 24
850 18
850 21
850 21
850 20
850 28
860 20
860 21
860 20
860 19
860 21
860 18
860 22
860 19
860 20
860 21
860 20
860 22
860 20
860 20
860 18
860 24
860 23
860 21
860 21
860 20
860 20
860 19
860 23
860 20
860 25
860 19
860 18
860 19
860 26
860 22
860 23
860 25
860 21
860 20
860 23
860 20
860 19
860 21
860 20
860 23
860 21
860 20
860 21
860 19
860 23
860 23
860 18
860 21
860 20
860 21
870 21
870 17
870 26
870 17
870 21
870 21
870 19
870 21
870 19
870 20
870 18
870 18
870 18
870 21
870 22
870 20
870 20
870 21
870 22
870 19
870 17
870 20
870 19
870 20
870 20
870 21
870 19
870 20
870 20
870 24
870 26
870 22
870 18
870 18
870 22
870 21
870 22
870 21
870 20
870 21
870 21
870 20
870 21
870 20
870 20
870 20
870 20
870 22
870 22
870 18
880 25
880 20
880 20
880 21
880 23
880 21
880 21
880 20
880 25
880 21
880 18
880 21
880 19
880 23
880 19
880 22
880 22
880 21
880 17
880 21
880 24
880 23
880 21
880 22
880 22
880 22
880 20
880 20
880 21
880 22
880 22
880 26
880 19
880 20
880 21
880 22
880 19
880 20
880 22
880 24
880 24
880 22
880 20
880 20
880 19
880 21
880 19
880 20
880 21
880 20
890 23
890 28
890 21
890 20
890 22
890 25
890 22
890 20
890 19
890 20
890 22
890 19
890 20
890 23
890 21
890 23
890 19
890 23
890 23
890 20
890 19
890 21
890 23
890 21
890 21
890 21
890 21
890 20
890 23
890 20
890 24
890 18
890 19
890 20
890 19
890 20
890 20
890 21
890 22
890 24
890 25
890 26
890 19
890 21
890 20
890 24
890 21
890 20
890 20
890 23
900 20
900 24
900 21
900 21
900 20
900 24
900 22
900 21
900 20
900 22
900 20
900 22
900 19
900 18
900 21
900 19
900 19
900 18
900 22
900 19
900 20
900 17
900 21
900 23
900 20
900 23
900 20
900 24
900 19
900 20
900 22
900 24
900 21
900 18
900 22
900 21
900 22
900 21
900 19
900 17
900 24
900 20
900 21
900 22
900 20
900 25
900 25
900 23
900 28
900 21
910 22
910 18
910 22
910 20
910 20
910 20
910 18
910 20
910 24
910 18
910 19
910 22
910 21
910 20
910 20
910 19
910 21
910 19
910 24
910 21
910 18
910 24
910 21
910 21
910 19
910 24
910 21
910 23
910 22
910 20
910 18
910 20
910 18
910 23
910 20
910 22
910 23
910 19
910 19
910 20
910 24
910 24
910 19
910 21
910 20
910 22
910 22
910 23
910 23
910 20
920 24
920 24
920 22
920 21
920 23
920 20
920 19
920 19
920 18
920 20
920 26
920 20
920 21
920 22
920 23
920 21
920 25
920 19
920 20
920 22
920 19
920 18
920 20
920 25
920 24
920 23
920 21
920 22
920 23
920 23
920 23
920 23
920 22
920 22
920 21
920 21
920 21
920 20
920 24
920 19
920 18
920 19
920 24
920 23
920 21
920 21
920 22
920 20
920 24
920 22
930 25
930 20
930 21
930 20
930 21
930 23
930 23
930 19
930 25
930 22
930 25
930 20
930 21
930 22
930 19
930 25
930 22
930 18
930 19
930 22
930 21
930 20
930 23
930 22
930 19
930 27
930 21
930 20
930 21
930 18
930 21
930 21
930 18
930 20
930 22
930 21
930 21
930 22
930 22
930 21
930 21
930 19
930 19
930 20
930 22
930 18
930 20
930 21
930 19
930 20
940 23
940 19
940 23
940 24
940 20
940 18
940 21
940 18
940 21
940 19
940 20
940 21
940 20
940 20
940 20
940 19
940 20
940 26
940 20
940 21
940 19
940 18
940 21
940 20
940 22
940 18
940 20
940 20
940 22
940 24
940 23
940 21
940 21
940 24
940 22
940 23
940 20
940 20
940 21
940 20
940 20
940 20
940 20
940 22
940 20
940 21
940 23
940 23
940 23
940 20
950 21
950 25
950 20
950 23
950 20
950 25
950 24
950 19
950 22
950 21
950 21
950 19
950 21
950 21
950 26
950 18
950 19
950 20
950 18
950 24
950 21
950 20
950 22
950 20
950 29
950 18
950 19
950 20
950 23
950 20
950 22
950 18
950 20
950 21
950 23
950 21
950 20
950 20
950 23
950 21
950 20
950 19
950 21
950 22
950 28
950 18
950 17
950 19
950 20
950 20
960 20
960 20
960 18
960 20
960 23
960 23
960 26
960 19
960 20
960 20
960 23
960 21
960 19
960 22
960 25
960 23
960 22
960 26
960 30
960 22
960 22
960 19
960 20
960 22
960 23
960 21
960 20
960 23
960 19
960 23
960 22
960 21
960 20
960 18
960 19
960 21
960 22
960 21
960 22
960 20
960 19
960 22
960 22
960 22
960 24
960 20
960 21
960 20
960 19
960 19
970 27
970 20
970 21
970 26
970 19
970 19
970 21
970 23
970 23
970 21
970 19
970 21
970 18
970 20
970 19
970 21
970 21
970 25
970 19
970 22
970 19
970 21
970 20
970 20
970 21
970 22
970 23
970 28
970 19
970 20
970 20
970 19
970 21
970 20
970 17
970 24
970 25
970 20
970 21
970 19
970 22
970 21
970 21
970 19
970 21
970 25
970 20
970 22
970 28
970 21
980 20
980 23
980 20
980 21
980 22
980 20
980 24
980 20
980 23
980 22
980 18
980 21
980 28
980 22
980 24
980 24
980 19
980 20
980 18
980 19
980 21
980 21
980 19
980 20
980 20
980 20
980 21
980 24
980 22
980 25
980 24
980 21
980 23
980 23
980 23
980 23
980 18
980 19
980 21
980 24
980 19
980 22
980 21
980 25
980 20
980 21
980 19
980 22
980 19
980 21
990 24
990 21
990 19
990 20
990 21
990 22
990 21
990 23
990 25
990 25
990 22
990 21
990 23
990 23
990 19
990 24
990 20
990 22
990 21
990 23
990 21
990 28
990 21
990 23
990 20
990 21
990 21
990 21
990 24
990 22
990 20
990 19
990 22
990 23
990 22
990 24
990 21
990 26
990 21
990 21
990 21
990 24
990 20
990 24
990 21
990 22
990 20
990 22
990 25
990 25
1000 22
1000 22
1000 22
1000 18
1000 21
1000 20
1000 19
1000 19
1000 19
1000 21
1000 18
1000 20
1000 22
1000 22
1000 23
1000 24
1000 22
1000 25
1000 21
1000 24
1000 23
1000 21
1000 22
1000 18
1000 21
1000 18
1000 23
1000 21
1000 18
1000 19
1000 22
1000 23
1000 22
1000 23
1000 22
1000 23
1000 21
1000 22
1000 21
1000 23
1000 23
1000 21
1000 22
1000 23
1000 22
1000 17
1000 22
1000 21
1000 21
1000 23
