10 9
10 9
10 8
10 8
10 7
10 8
10 7
10 7
10 6
10 9
10 9
10 9
10 8
10 9
10 9
10 8
10 9
10 6
10 8
10 9
10 6
10 9
10 7
10 9
10 5
10 9
10 8
10 7
10 9
10 8
10 9
10 9
10 9
10 6
10 9
10 6
10 8
10 9
10 7
10 9
10 8
10 6
10 8
10 9
10 8
10 9
10 8
10 7
10 7
10 7
20 17
20 16
20 18
20 16
20 16
20 18
20 18
20 17
20 18
20 18
20 15
20 16
20 16
20 19
20 17
20 19
20 18
20 18
20 17
20 17
20 18
20 18
20 17
20 16
20 18
20 19
20 17
20 17
20 16
20 19
20 18
20 16
20 17
20 15
20 16
20 18
20 18
20 18
20 17
20 17
20 18
20 19
20 16
20 17
20 19
20 18
20 19
20 18
20 18
20 19
30 27
30 28
30 27
30 27
30 28
30 28
30 28
30 27
30 29
30 28
30 27
30 26
30 26
30 29
30 28
30 25
30 28
30 27
30 27
30 28
30 29
30 27
30 27
30 28
30 27
30 28
30 28
30 26
30 28
30 26
30 25
30 27
30 28
30 28
30 28
30 27
30 25
30 28
30 28
30 27
30 27
30 27
30 28
30 27
30 27
30 28
30 28
30 27
30 27
30 26
40 37
40 38
40 39
40 38
40 37
40 36
40 38
40 36
40 36
40 38
40 37
40 35
40 37
40 37
40 34
40 33
40 37
40 34
40 38
40 37
40 38
40 38
40 36
40 35
40 36
40 37
40 39
40 37
40 37
40 38
40 36
40 36
40 38
40 37
40 37
40 38
40 37
40 39
40 37
40 38
40 38
40 32
40 38
40 39
40 35
40 38
40 36
40 37
40 38
40 36
50 47
50 49
50 47
50 47
50 44
50 48
50 48
50 44
50 45
50 46
50 42
50 46
50 46
50 47
50 47
50 49
50 47
50 46
50 47
50 48
50 48
50 47
50 46
50 48
50 47
50 45
50 48
50 42
50 46
50 47
50 49
50 45
50 47
50 47
50 46
50 45
50 48
50 48
50 47
50 43
50 49
50 45
50 48
50 47
50 46
50 46
50 49
50 44
50 45
50 47
60 59
60 57
60 57
60 55
60 58
60 57
60 56
60 55
60 56
60 55
60 57
60 58
60 58
60 57
60 58
60 58
60 57
60 57
60 56
60 57
60 55
60 58
60 58
60 55
60 58
60 58
60 57
60 58
60 58
60 58
60 57
60 58
60 57
60 58
60 57
60 55
60 57
60 58
60 59
60 57
60 57
60 58
60 56
60 59
60 53
60 56
60 55
60 54
60 56
60 57
70 65
70 63
70 67
70 67
70 65
70 65
70 68
70 68
70 68
70 66
70 63
70 66
70 68
70 67
70 63
70 64
70 66
70 61
70 69
70 63
70 66
70 69
70 65
70 69
70 66
70 65
70 68
70 65
70 68
70 68
70 64
70 67
70 63
70 67
70 68
70 66
70 68
70 68
70 68
70 67
70 65
70 65
70 67
70 67
70 66
70 65
70 66
70 69
70 67
70 68
80 76
80 77
80 78
80 76
80 77
80 78
80 78
80 77
80 76
80 77
80 75
80 77
80 76
80 75
80 75
80 76
80 75
80 78
80 77
80 77
80 78
80 78
80 74
80 75
80 76
80 77
80 78
80 78
80 78
80 78
80 77
80 77
80 74
80 78
80 77
80 77
80 77
80 75
80 78
80 74
80 75
80 76
80 76
80 75
80 76
80 79
80 75
80 75
80 76
80 74
90 89
90 88
90 87
90 88
90 87
90 86
90 85
90 87
90 88
90 87
90 82
90 86
90 88
90 88
90 87
90 87
90 86
90 89
90 88
90 84
90 84
90 87
90 87
90 87
90 86
90 86
90 88
90 86
90 86
90 86
90 86
90 83
90 88
90 88
90 84
90 89
90 86
90 88
90 85
90 87
90 89
90 86
90 87
90 87
90 88
90 86
90 86
90 87
90 88
90 86
100 96
100 92
100 96
100 96
100 97
100 97
100 98
100 97
100 96
100 97
100 95
100 97
100 97
100 96
100 95
100 95
100 99
100 93
100 96
100 96
100 97
100 96
100 94
100 98
100 94
100 98
100 92
100 98
100 94
100 95
100 96
100 95
100 98
100 97
100 95
100 97
100 95
100 95
100 95
100 97
100 95
100 96
100 95
100 97
100 94
100 97
100 97
100 97
100 96
100 99
110 106
110 108
110 107
110 108
110 105
110 107
110 104
110 106
110 105
110 105
110 108
110 106
110 106
110 104
110 106
110 108
110 104
110 105
110 106
110 105
110 104
110 107
110 104
110 106
110 107
110 107
110 103
110 107
110 109
110 107
110 108
110 103
110 104
110 108
110 106
110 105
110 108
110 107
110 108
110 107
110 107
110 108
110 104
110 106
110 107
110 107
110 106
110 105
110 106
110 108
120 112
120 115
120 116
120 116
120 116
120 117
120 114
120 116
120 115
120 116
120 116
120 117
120 119
120 115
120 115
120 116
120 115
120 117
120 116
120 117
120 118
120 117
120 117
120 119
120 116
120 116
120 118
120 115
120 114
120 117
120 117
120 116
120 116
120 119
120 118
120 116
120 117
120 116
120 114
120 115
120 116
120 114
120 115
120 117
120 115
120 116
120 118
120 115
120 116
120 116
130 126
130 128
130 125
130 126
130 126
130 127
130 128
130 125
130 127
130 126
130 127
130 126
130 128
130 124
130 126
130 126
130 127
130 129
130 121
130 128
130 127
130 125
130 127
130 126
130 127
130 127
130 126
130 126
130 129
130 125
130 125
130 126
130 121
130 127
130 125
130 127
130 125
130 123
130 123
130 127
130 127
130 129
130 126
130 126
130 126
130 126
130 126
130 126
130 128
130 124
140 138
140 135
140 134
140 135
140 135
140 133
140 138
140 137
140 136
140 137
140 134
140 137
140 134
140 136
140 135
140 132
140 136
140 135
140 134
140 138
140 137
140 133
140 133
140 135
140 136
140 136
140 136
140 137
140 138
140 134
140 136
140 135
140 135
140 136
140 136
140 136
140 137
140 137
140 138
140 137
140 135
140 134
140 135
140 135
140 136
140 137
140 137
140 131
140 137
140 133
150 145
150 147
150 145
150 144
150 149
150 145
150 147
150 148
150 143
150 146
150 145
150 145
150 146
150 146
150 147
150 143
150 145
150 148
150 146
150 146
150 146
150 147
150 146
150 143
150 147
150 147
150 145
150 148
150 144
150 146
150 148
150 148
150 149
150 146
150 146
150 147
150 147
150 144
150 142
150 147
150 147
150 144
150 145
150 145
150 147
150 148
150 144
150 146
150 148
150 147
160 158
160 155
160 157
160 158
160 154
160 157
160 155
160 155
160 158
160 157
160 158
160 155
160 159
160 154
160 158
160 156
160 155
160 152
160 158
160 156
160 158
160 154
160 157
160 157
160 154
160 153
160 157
160 154
160 157
160 156
160 156
160 156
160 157
160 158
160 156
160 155
160 158
160 158
160 156
160 158
160 154
160 154
160 155
160 154
160 156
160 154
160 158
160 157
160 155
160 157
170 167
170 167
170 165
170 165
170 168
170 162
170 167
170 167
170 162
170 166
170 168
170 165
170 165
170 165
170 160
170 165
170 167
170 165
170 165
170 164
170 165
170 168
170 163
170 164
170 166
170 164
170 163
170 166
170 168
170 166
170 164
170 166
170 163
170 165
170 163
170 166
170 167
170 166
170 167
170 167
170 165
170 165
170 167
170 168
170 166
170 166
170 167
170 165
170 166
170 167
180 175
180 177
180 172
180 177
180 174
180 178
180 176
180 177
180 172
180 175
180 177
180 175
180 175
180 176
180 177
180 174
180 178
180 177
180 179
180 174
180 176
180 176
180 172
180 175
180 178
180 177
180 176
180 173
180 176
180 174
180 175
180 174
180 178
180 178
180 177
180 173
180 175
180 177
180 177
180 176
180 176
180 172
180 176
180 177
180 174
180 175
180 174
180 175
180 173
180 176
190 187
190 184
190 185
190 182
190 185
190 185
190 179
190 186
190 185
190 185
190 189
190 183
190 187
190 186
190 186
190 187
190 186
190 185
190 187
190 187
190 184
190 187
190 184
190 187
190 185
190 187
190 187
190 185
190 186
190 187
190 185
190 187
190 188
190 184
190 182
190 189
190 184
190 185
190 184
190 187
190 185
190 187
190 188
190 188
190 185
190 183
190 185
190 185
190 185
190 186
200 197
200 196
200 198
200 198
200 196
200 195
200 197
200 195
200 191
200 195
200 194
200 198
200 195
200 193
200 194
200 197
200 197
200 197
200 195
200 194
200 195
200 194
200 196
200 198
200 194
200 197
200 193
200 194
200 195
200 198
200 195
200 195
200 192
200 195
200 195
200 195
200 197
200 196
200 197
200 194
200 197
200 198
200 195
200 196
200 196
200 195
200 194
200 195
200 196
200 196
210 204
210 205
210 208
210 208
210 205
210 202
210 204
210 204
210 202
210 206
210 202
210 207
210 207
210 206
210 201
210 204
210 205
210 205
210 206
210 207
210 207
210 207
210 206
210 203
210 207
210 208
210 206
210 206
210 206
210 207
210 208
210 205
210 203
210 203
210 207
210 201
210 205
210 207
210 203
210 204
210 206
210 206
210 206
210 203
210 206
210 206
210 205
210 206
210 207
210 205
220 215
220 215
220 213
220 212
220 219
220 217
220 213
220 215
220 212
220 219
220 217
220 218
220 219
220 217
220 217
220 217
220 217
220 214
220 214
220 217
220 215
220 216
220 216
220 217
220 218
220 218
220 218
220 216
220 216
220 217
220 215
220 212
220 216
220 217
220 215
220 213
220 217
220 214
220 215
220 216
220 213
220 216
220 219
220 216
220 217
220 216
220 217
220 215
220 216
220 217
230 222
230 228
230 227
230 224
230 228
230 229
230 226
230 225
230 228
230 226
230 227
230 227
230 227
230 229
230 225
230 227
230 227
230 226
230 221
230 224
230 224
230 226
230 228
230 222
230 224
230 226
230 226
230 227
230 224
230 225
230 229
230 227
230 224
230 225
230 225
230 229
230 226
230 227
230 225
230 225
230 226
230 229
230 224
230 228
230 227
230 226
230 225
230 227
230 225
230 223
240 234
240 235
240 238
240 237
240 234
240 236
240 234
240 235
240 236
240 236
240 234
240 234
240 235
240 238
240 237
240 236
240 239
240 233
240 235
240 234
240 236
240 234
240 236
240 233
240 233
240 234
240 235
240 234
240 236
240 237
240 235
240 231
240 235
240 234
240 234
240 236
240 237
240 235
240 235
240 236
240 234
240 233
240 233
240 238
240 239
240 234
240 237
240 237
240 237
240 236
250 244
250 244
250 247
250 249
250 244
250 246
250 245
250 242
250 245
250 245
250 243
250 247
250 246
250 248
250 245
250 246
250 247
250 248
250 246
250 243
250 246
250 245
250 243
250 247
250 245
250 247
250 243
250 244
250 243
250 246
250 243
250 244
250 246
250 243
250 243
250 247
250 244
250 241
250 246
250 246
250 245
250 248
250 245
250 245
250 248
250 247
250 244
250 247
250 246
250 245
260 256
260 254
260 256
260 256
260 258
260 259
260 255
260 254
260 257
260 255
260 258
260 256
260 257
260 256
260 253
260 257
260 255
260 254
260 255
260 256
260 259
260 257
260 255
260 258
260 256
260 255
260 255
260 255
260 256
260 256
260 258
260 252
260 254
260 255
260 257
260 257
260 257
260 252
260 258
260 256
260 255
260 254
260 257
260 257
260 255
260 255
260 257
260 257
260 252
260 256
270 268
270 262
270 266
270 267
270 267
270 268
270 266
270 268
270 268
270 267
270 266
270 268
270 262
270 264
270 267
270 268
270 264
270 268
270 267
270 267
270 269
270 265
270 264
270 263
270 264
270 268
270 268
270 267
270 265
270 263
270 266
270 264
270 267
270 265
270 264
270 267
270 268
270 262
270 267
270 265
270 268
270 267
270 264
270 264
270 266
270 267
270 265
270 266
270 265
270 263
280 278
280 277
280 274
280 278
280 274
280 276
280 275
280 274
280 272
280 272
280 276
280 276
280 276
280 275
280 274
280 274
280 271
280 276
280 272
280 276
280 275
280 277
280 276
280 277
280 277
280 272
280 276
280 278
280 278
280 276
280 272
280 271
280 272
280 278
280 273
280 277
280 274
280 277
280 276
280 278
280 277
280 274
280 277
280 275
280 276
280 274
280 278
280 274
280 275
280 276
290 288
290 284
290 283
290 285
290 288
290 287
290 285
290 285
290 288
290 287
290 288
290 285
290 288
290 287
290 281
290 284
290 286
290 285
290 286
290 284
290 282
290 287
290 285
290 284
290 286
290 286
290 280
290 288
290 284
290 283
290 287
290 283
290 286
290 283
290 289
290 286
290 286
290 282
290 286
290 288
290 284
290 283
290 286
290 287
290 279
290 285
290 283
290 286
290 286
290 287
300 294
300 296
300 295
300 296
300 297
300 296
300 295
300 294
300 296
300 296
300 293
300 297
300 296
300 295
300 293
300 293
300 296
300 297
300 298
300 297
300 298
300 296
300 295
300 294
300 296
300 295
300 297
300 297
300 295
300 294
300 293
300 294
300 297
300 293
300 296
300 297
300 293
300 295
300 296
300 295
300 297
300 294
300 296
300 296
300 296
300 295
300 293
300 297
300 294
300 297
310 306
310 304
310 303
310 305
310 308
310 306
310 308
310 308
310 308
310 301
310 306
310 305
310 304
310 306
310 306
310 304
310 307
310 304
310 307
310 309
310 308
310 303
310 303
310 306
310 304
310 300
310 306
310 304
310 303
310 307
310 308
310 305
310 306
310 308
310 302
310 305
310 303
310 305
310 304
310 306
310 307
310 302
310 305
310 306
310 307
310 304
310 306
310 306
310 305
310 308
320 317
320 315
320 309
320 316
320 316
320 314
320 316
320 316
320 314
320 317
320 315
320 316
320 315
320 316
320 317
320 317
320 315
320 314
320 316
320 317
320 311
320 314
320 316
320 314
320 316
320 317
320 317
320 315
320 318
320 317
320 315
320 311
320 315
320 316
320 318
320 315
320 314
320 314
320 317
320 313
320 317
320 317
320 316
320 317
320 318
320 316
320 315
320 314
320 312
320 315
330 327
330 325
330 326
330 322
330 326
330 327
330 325
330 324
330 324
330 325
330 325
330 324
330 326
330 325
330 322
330 326
330 323
330 325
330 320
330 326
330 324
330 321
330 321
330 327
330 328
330 324
330 323
330 328
330 329
330 324
330 324
330 327
330 326
330 325
330 328
330 324
330 323
330 325
330 323
330 323
330 324
330 323
330 328
330 326
330 321
330 324
330 323
330 326
330 324
330 327
340 334
340 331
340 335
340 335
340 338
340 337
340 336
340 337
340 336
340 338
340 338
340 335
340 336
340 336
340 336
340 336
340 335
340 338
340 336
340 335
340 333
340 336
340 336
340 336
340 336
340 336
340 337
340 337
340 338
340 334
340 336
340 339
340 336
340 336
340 337
340 336
340 337
340 338
340 333
340 336
340 335
340 335
340 338
340 337
340 333
340 338
340 335
340 338
340 335
340 336
350 341
350 344
350 344
350 342
350 343
350 346
350 347
350 343
350 348
350 345
350 347
350 348
350 346
350 345
350 345
350 347
350 343
350 345
350 341
350 346
350 343
350 346
350 348
350 348
350 344
350 348
350 348
350 347
350 345
350 345
350 344
350 347
350 344
350 345
350 349
350 346
350 343
350 348
350 344
350 345
350 347
350 346
350 343
350 346
350 343
350 346
350 343
350 345
350 348
350 345
360 357
360 352
360 355
360 354
360 358
360 354
360 358
360 355
360 356
360 354
360 354
360 358
360 356
360 357
360 355
360 355
360 356
360 353
360 356
360 357
360 355
360 357
360 352
360 355
360 355
360 355
360 358
360 355
360 354
360 353
360 354
360 356
360 355
360 351
360 350
360 356
360 357
360 354
360 354
360 358
360 354
360 357
360 355
360 359
360 354
360 357
360 353
360 357
360 352
360 357
370 365
370 367
370 367
370 365
370 364
370 366
370 363
370 364
370 365
370 366
370 366
370 367
370 364
370 363
370 365
370 364
370 366
370 366
370 364
370 366
370 367
370 366
370 366
370 365
370 368
370 367
370 364
370 364
370 368
370 366
370 365
370 366
370 366
370 364
370 364
370 362
370 368
370 366
370 367
370 364
370 364
370 365
370 363
370 367
370 365
370 367
370 366
370 364
370 366
370 363
380 377
380 377
380 373
380 377
380 373
380 378
380 375
380 374
380 376
380 375
380 379
380 374
380 374
380 375
380 378
380 374
380 378
380 376
380 375
380 372
380 376
380 378
380 374
380 373
380 374
380 377
380 375
380 377
380 379
380 376
380 375
380 374
380 375
380 374
380 379
380 377
380 373
380 371
380 378
380 375
380 373
380 377
380 377
380 369
380 379
380 374
380 374
380 376
380 375
380 376
390 389
390 386
390 383
390 384
390 386
390 388
390 388
390 387
390 388
390 385
390 388
390 381
390 387
390 387
390 385
390 383
390 386
390 386
390 387
390 386
390 385
390 385
390 382
390 384
390 379
390 384
390 384
390 387
390 385
390 385
390 385
390 386
390 382
390 388
390 385
390 386
390 384
390 386
390 387
390 388
390 386
390 386
390 386
390 384
390 384
390 384
390 387
390 388
390 387
390 387
400 398
400 397
400 394
400 393
400 397
400 398
400 397
400 394
400 399
400 395
400 397
400 393
400 392
400 396
400 392
400 396
400 396
400 396
400 398
400 396
400 397
400 397
400 392
400 399
400 394
400 396
400 399
400 396
400 395
400 396
400 392
400 396
400 396
400 397
400 397
400 395
400 392
400 394
400 394
400 394
400 397
400 396
400 395
400 394
400 399
400 397
400 395
400 396
400 395
400 397
410 408
410 405
410 405
410 403
410 406
410 404
410 404
410 408
410 407
410 408
410 403
410 404
410 405
410 404
410 407
410 404
410 408
410 408
410 406
410 407
410 408
410 406
410 403
410 404
410 403
410 400
410 408
410 404
410 407
410 408
410 403
410 402
410 406
410 406
410 406
410 404
410 402
410 407
410 406
410 407
410 401
410 405
410 405
410 406
410 404
410 404
410 407
410 407
410 401
410 404
420 417
420 418
420 415
420 416
420 409
420 417
420 415
420 417
420 416
420 416
420 414
420 417
420 413
420 416
420 415
420 414
420 415
420 414
420 415
420 414
420 417
420 410
420 416
420 415
420 414
420 414
420 416
420 418
420 417
420 416
420 416
420 415
420 416
420 413
420 415
420 414
420 415
420 414
420 418
420 416
420 416
420 413
420 417
420 417
420 414
420 417
420 415
420 415
420 416
420 418
430 425
430 425
430 425
430 425
430 425
430 426
430 426
430 422
430 426
430 423
430 424
430 424
430 423
430 425
430 422
430 427
430 421
430 420
430 425
430 424
430 425
430 424
430 425
430 423
430 422
430 426
430 424
430 427
430 424
430 428
430 428
430 419
430 427
430 427
430 424
430 424
430 424
430 424
430 425
430 425
430 427
430 427
430 426
430 428
430 428
430 423
430 427
430 426
430 425
430 425
440 436
440 436
440 432
440 438
440 434
440 437
440 433
440 438
440 435
440 438
440 437
440 435
440 436
440 435
440 436
440 435
440 436
440 434
440 433
440 438
440 436
440 436
440 433
440 437
440 436
440 435
440 435
440 435
440 437
440 437
440 432
440 437
440 433
440 436
440 437
440 437
440 435
440 437
440 435
440 435
440 437
440 434
440 434
440 434
440 431
440 434
440 437
440 435
440 435
440 432
450 449
450 448
450 445
450 445
450 447
450 445
450 446
450 447
450 445
450 445
450 444
450 448
450 446
450 443
450 444
450 447
450 443
450 442
450 444
450 445
450 445
450 447
450 446
450 445
450 443
450 446
450 447
450 445
450 444
450 447
450 444
450 447
450 446
450 447
450 445
450 446
450 445
450 446
450 444
450 442
450 449
450 447
450 440
450 443
450 443
450 447
450 443
450 448
450 448
450 444
460 455
460 455
460 455
460 450
460 455
460 454
460 452
460 453
460 456
460 453
460 457
460 456
460 454
460 453
460 456
460 454
460 455
460 456
460 455
460 449
460 452
460 454
460 456
460 457
460 457
460 453
460 456
460 456
460 459
460 452
460 454
460 457
460 457
460 456
460 456
460 448
460 453
460 455
460 455
460 456
460 454
460 456
460 453
460 457
460 454
460 454
460 455
460 454
460 453
460 456
470 466
470 467
470 461
470 465
470 464
470 466
470 463
470 466
470 466
470 469
470 467
470 467
470 464
470 465
470 464
470 466
470 466
470 464
470 467
470 466
470 463
470 466
470 464
470 464
470 464
470 464
470 463
470 461
470 465
470 466
470 463
470 465
470 462
470 465
470 464
470 466
470 466
470 465
470 463
470 462
470 462
470 465
470 466
470 463
470 466
470 466
470 466
470 465
470 463
470 464
480 478
480 476
480 475
480 473
480 477
480 473
480 476
480 477
480 474
480 476
480 476
480 475
480 477
480 477
480 472
480 470
480 475
480 474
480 477
480 474
480 475
480 477
480 476
480 472
480 474
480 475
480 477
480 472
480 473
480 473
480 473
480 476
480 478
480 476
480 476
480 476
480 474
480 477
480 475
480 473
480 479
480 474
480 478
480 474
480 473
480 475
480 478
480 478
480 475
480 479
490 487
490 485
490 486
490 486
490 483
490 485
490 487
490 486
490 486
490 488
490 484
490 487
490 482
490 486
490 486
490 489
490 487
490 484
490 482
490 482
490 481
490 483
490 484
490 486
490 486
490 485
490 485
490 485
490 484
490 484
490 482
490 484
490 484
490 487
490 483
490 487
490 481
490 488
490 487
490 484
490 485
490 482
490 486
490 482
490 487
490 483
490 487
490 485
490 486
490 486
500 495
500 497
500 493
500 497
500 492
500 495
500 495
500 492
500 498
500 494
500 498
500 498
500 497
500 493
500 496
500 498
500 493
500 496
500 494
500 498
500 497
500 494
500 495
500 493
500 496
500 497
500 494
500 496
500 495
500 497
500 495
500 498
500 497
500 493
500 494
500 493
500 495
500 495
500 493
500 496
500 495
500 496
500 494
500 496
500 498
500 496
500 496
500 497
500 495
500 495
510 507
510 505
510 505
510 504
510 503
510 502
510 502
510 506
510 507
510 504
510 504
510 504
510 506
510 505
510 505
510 503
510 504
510 504
510 504
510 504
510 504
510 506
510 506
510 504
510 507
510 507
510 501
510 505
510 503
510 503
510 506
510 504
510 505
510 504
510 505
510 506
510 504
510 505
510 502
510 505
510 506
510 503
510 506
510 506
510 507
510 501
510 505
510 505
510 506
510 504
520 511
520 516
520 514
520 516
520 515
520 515
520 512
520 517
520 517
520 516
520 515
520 517
520 515
520 516
520 514
520 514
520 518
520 517
520 515
520 514
520 517
520 517
520 512
520 516
520 513
520 517
520 513
520 518
520 511
520 518
520 517
520 516
520 513
520 515
520 516
520 515
520 516
520 516
520 513
520 516
520 514
520 517
520 517
520 515
520 515
520 512
520 514
520 515
520 517
520 515
530 526
530 528
530 528
530 524
530 523
530 527
530 526
530 525
530 526
530 526
530 528
530 525
530 527
530 525
530 526
530 523
530 522
530 526
530 525
530 527
530 526
530 526
530 523
530 527
530 524
530 527
530 523
530 522
530 526
530 524
530 523
530 524
530 524
530 525
530 526
530 527
530 524
530 528
530 526
530 526
530 525
530 518
530 525
530 521
530 528
530 526
530 523
530 526
530 523
530 526
540 536
540 535
540 533
540 538
540 533
540 537
540 534
540 534
540 536
540 537
540 534
540 538
540 534
540 534
540 531
540 537
540 535
540 534
540 537
540 535
540 535
540 532
540 535
540 535
540 537
540 535
540 533
540 532
540 535
540 533
540 535
540 536
540 537
540 535
540 536
540 533
540 533
540 533
540 535
540 536
540 533
540 534
540 535
540 535
540 537
540 537
540 536
540 532
540 537
540 538
550 545
550 545
550 545
550 545
550 547
550 546
550 544
550 546
550 543
550 542
550 546
550 543
550 547
550 545
550 546
550 545
550 547
550 545
550 543
550 546
550 544
550 542
550 544
550 547
550 537
550 545
550 547
550 545
550 542
550 548
550 541
550 544
550 545
550 544
550 542
550 543
550 545
550 544
550 546
550 546
550 547
550 544
550 545
550 543
550 546
550 547
550 543
550 540
550 543
550 539
560 553
560 558
560 555
560 557
560 558
560 551
560 556
560 556
560 555
560 555
560 551
560 558
560 554
560 559
560 553
560 551
560 558
560 555
560 555
560 558
560 554
560 556
560 552
560 556
560 551
560 554
560 554
560 557
560 552
560 557
560 557
560 549
560 553
560 554
560 553
560 556
560 554
560 554
560 556
560 555
560 552
560 557
560 555
560 556
560 556
560 558
560 552
560 554
560 558
560 557
570 567
570 565
570 566
570 566
570 569
570 568
570 565
570 566
570 565
570 568
570 567
570 566
570 564
570 567
570 564
570 567
570 563
570 566
570 565
570 566
570 564
570 564
570 567
570 562
570 564
570 562
570 563
570 563
570 564
570 565
570 561
570 564
570 566
570 566
570 565
570 565
570 565
570 562
570 565
570 567
570 567
570 565
570 563
570 566
570 564
570 566
570 565
570 564
570 562
570 562
580 575
580 573
580 573
580 577
580 576
580 575
580 574
580 576
580 578
580 574
580 575
580 575
580 574
580 575
580 577
580 578
580 575
580 578
580 570
580 576
580 577
580 575
580 573
580 577
580 574
580 575
580 576
580 576
580 573
580 573
580 576
580 576
580 575
580 574
580 575
580 576
580 578
580 572
580 576
580 571
580 579
580 575
580 573
580 572
580 577
580 572
580 578
580 576
580 576
580 575
590 583
590 587
590 586
590 587
590 588
590 587
590 583
590 583
590 589
590 582
590 580
590 586
590 583
590 584
590 586
590 589
590 587
590 582
590 586
590 584
590 586
590 585
590 584
590 585
590 586
590 587
590 587
590 584
590 585
590 582
590 587
590 583
590 584
590 583
590 585
590 583
590 584
590 587
590 583
590 583
590 588
590 584
590 584
590 585
590 585
590 579
590 587
590 584
590 587
590 586
600 593
600 594
600 596
600 596
600 594
600 592
600 598
600 592
600 597
600 595
600 596
600 597
600 596
600 597
600 594
600 596
600 596
600 596
600 594
600 590
600 596
600 596
600 597
600 594
600 589
600 594
600 591
600 597
600 591
600 595
600 598
600 598
600 596
600 594
600 596
600 595
600 592
600 596
600 594
600 597
600 598
600 589
600 596
600 593
600 595
600 593
600 593
600 596
600 595
600 598
610 605
610 606
610 606
610 606
610 609
610 605
610 605
610 607
610 602
610 603
610 604
610 603
610 603
610 604
610 604
610 605
610 601
610 605
610 607
610 604
610 605
610 607
610 603
610 605
610 606
610 603
610 603
610 602
610 605
610 602
610 606
610 606
610 606
610 607
610 603
610 608
610 599
610 603
610 606
610 605
610 601
610 608
610 608
610 604
610 605
610 603
610 607
610 606
610 602
610 603
620 617
620 610
620 611
620 619
620 615
620 616
620 613
620 616
620 618
620 615
620 613
620 616
620 616
620 616
620 616
620 617
620 615
620 618
620 618
620 613
620 617
620 615
620 614
620 617
620 614
620 618
620 618
620 612
620 618
620 614
620 617
620 615
620 614
620 619
620 616
620 616
620 612
620 616
620 612
620 615
620 612
620 613
620 618
620 616
620 617
620 615
620 615
620 616
620 616
620 617
630 624
630 626
630 626
630 623
630 623
630 627
630 625
630 622
630 626
630 626
630 625
630 627
630 625
630 626
630 628
630 622
630 628
630 625
630 624
630 622
630 624
630 624
630 625
630 623
630 622
630 622
630 625
630 625
630 626
630 625
630 626
630 628
630 625
630 625
630 626
630 621
630 625
630 623
630 627
630 626
630 624
630 623
630 625
630 626
630 623
630 621
630 626
630 628
630 626
630 624
640 632
640 634
640 637
640 632
640 634
640 636
640 634
640 636
640 638
640 634
640 635
640 636
640 633
640 638
640 635
640 635
640 638
640 633
640 627
640 631
640 634
640 638
640 633
640 635
640 635
640 635
640 635
640 636
640 634
640 635
640 638
640 636
640 632
640 630
640 637
640 635
640 636
640 637
640 633
640 637
640 636
640 638
640 635
640 637
640 634
640 637
640 628
640 631
640 634
640 634
650 647
650 643
650 647
650 644
650 642
650 647
650 640
650 647
650 645
650 644
650 640
650 646
650 644
650 641
650 643
650 647
650 645
650 647
650 644
650 647
650 644
650 648
650 646
650 644
650 644
650 642
650 644
650 642
650 648
650 643
650 646
650 646
650 645
650 641
650 648
650 646
650 645
650 646
650 647
650 641
650 645
650 647
650 647
650 644
650 645
650 642
650 646
650 642
650 643
650 646
660 655
660 656
660 656
660 655
660 658
660 655
660 656
660 656
660 652
660 652
660 653
660 652
660 656
660 650
660 657
660 653
660 656
660 655
660 653
660 655
660 656
660 655
660 657
660 655
660 653
660 656
660 655
660 658
660 654
660 659
660 656
660 656
660 655
660 655
660 657
660 657
660 658
660 656
660 654
660 657
660 657
660 659
660 657
660 654
660 653
660 651
660 653
660 655
660 652
660 655
670 664
670 664
670 669
670 665
670 663
670 663
670 664
670 668
670 667
670 661
670 662
670 666
670 665
670 663
670 662
670 661
670 665
670 664
670 665
670 665
670 663
670 664
670 666
670 663
670 660
670 668
670 663
670 668
670 667
670 666
670 667
670 668
670 666
670 667
670 663
670 666
670 667
670 665
670 665
670 663
670 663
670 665
670 665
670 665
670 667
670 667
670 665
670 665
670 663
670 664
680 676
680 674
680 676
680 675
680 674
680 672
680 678
680 678
680 675
680 676
680 675
680 676
680 676
680 677
680 673
680 676
680 671
680 675
680 677
680 675
680 672
680 677
680 674
680 675
680 677
680 674
680 676
680 676
680 677
680 677
680 678
680 677
680 670
680 668
680 675
680 674
680 678
680 671
680 672
680 676
680 676
680 672
680 677
680 674
680 673
680 676
680 675
680 674
680 677
680 671
690 685
690 688
690 685
690 683
690 688
690 689
690 684
690 686
690 685
690 682
690 684
690 683
690 681
690 682
690 686
690 684
690 686
690 686
690 682
690 687
690 683
690 683
690 685
690 687
690 683
690 681
690 685
690 687
690 684
690 684
690 682
690 685
690 686
690 689
690 685
690 684
690 686
690 683
690 685
690 689
690 686
690 685
690 686
690 685
690 685
690 686
690 684
690 680
690 683
690 683
700 695
700 695
700 696
700 693
700 695
700 696
700 695
700 697
700 697
700 694
700 696
700 698
700 697
700 694
700 696
700 694
700 696
700 694
700 696
700 694
700 694
700 692
700 696
700 695
700 693
700 698
700 697
700 691
700 696
700 696
700 693
700 695
700 695
700 695
700 694
700 697
700 697
700 696
700 696
700 696
700 695
700 695
700 698
700 695
700 694
700 696
700 696
700 696
700 697
700 695
710 707
710 705
710 706
710 707
710 704
710 706
710 705
710 706
710 706
710 705
710 704
710 707
710 703
710 704
710 705
710 704
710 702
710 706
710 706
710 705
710 707
710 705
710 705
710 703
710 704
710 704
710 702
710 705
710 708
710 708
710 706
710 707
710 709
710 706
710 708
710 706
710 705
710 702
710 707
710 704
710 705
710 702
710 707
710 708
710 706
710 704
710 706
710 704
710 701
710 703
720 716
720 717
720 714
720 712
720 716
720 715
720 716
720 713
720 711
720 715
720 714
720 715
720 715
720 716
720 712
720 717
720 715
720 717
720 713
720 715
720 714
720 713
720 715
720 715
720 715
720 713
720 715
720 717
720 715
720 716
720 715
720 715
720 713
720 714
720 714
720 713
720 712
720 716
720 716
720 715
720 715
720 718
720 714
720 717
720 716
720 716
720 715
720 714
720 717
720 718
730 726
730 724
730 726
730 725
730 728
730 725
730 725
730 728
730 726
730 727
730 725
730 724
730 723
730 726
730 726
730 726
730 725
730 727
730 725
730 727
730 725
730 724
730 723
730 724
730 726
730 726
730 727
730 723
730 727
730 724
730 727
730 726
730 726
730 726
730 727
730 726
730 727
730 725
730 724
730 726
730 726
730 728
730 724
730 724
730 723
730 721
730 726
730 724
730 725
730 722
740 733
740 733
740 736
740 736
740 730
740 729
740 733
740 736
740 733
740 730
740 732
740 729
740 733
740 735
740 735
740 735
740 733
740 728
740 732
740 733
740 735
740 737
740 737
740 737
740 737
740 736
740 735
740 735
740 735
740 736
740 736
740 734
740 734
740 733
740 733
740 736
740 736
740 733
740 732
740 733
740 733
740 736
740 735
740 736
740 735
740 735
740 737
740 727
740 734
740 737
750 742
750 745
750 743
750 746
750 743
750 745
750 742
750 747
750 740
750 745
750 745
750 743
750 745
750 746
750 743
750 744
750 744
750 746
750 749
750 745
750 746
750 744
750 744
750 744
750 747
750 746
750 747
750 744
750 745
750 746
750 743
750 746
750 746
750 742
750 743
750 743
750 741
750 742
750 740
750 743
750 745
750 744
750 745
750 744
750 743
750 744
750 743
750 742
750 743
750 745
760 752
760 756
760 756
760 757
760 753
760 750
760 759
760 758
760 752
760 754
760 755
760 753
760 753
760 756
760 756
760 757
760 753
760 755
760 758
760 752
760 754
760 755
760 751
760 752
760 756
760 754
760 754
760 756
760 757
760 757
760 754
760 754
760 754
760 754
760 756
760 754
760 756
760 755
760 754
760 756
760 756
760 756
760 755
760 755
760 754
760 753
760 756
760 756
760 757
760 752
770 765
770 762
770 765
770 765
770 768
770 768
770 765
770 765
770 764
770 766
770 766
770 763
770 766
770 764
770 765
770 764
770 763
770 763
770 765
770 764
770 765
770 763
770 766
770 762
770 764
770 767
770 766
770 766
770 764
770 767
770 763
770 765
770 764
770 766
770 766
770 760
770 766
770 767
770 766
770 768
770 764
770 766
770 765
770 766
770 765
770 765
770 766
770 763
770 766
770 762
780 774
780 775
780 777
780 776
780 774
780 774
780 777
780 776
780 773
780 773
780 775
780 773
780 775
780 775
780 776
780 771
780 776
780 772
780 776
780 778
780 773
780 773
780 777
780 775
780 774
780 771
780 774
780 775
780 773
780 776
780 775
780 772
780 776
780 775
780 774
780 776
780 776
780 776
780 771
780 776
780 778
780 776
780 777
780 775
780 774
780 774
780 775
780 774
780 776
780 775
790 787
790 784
790 787
790 786
790 784
790 784
790 780
790 786
790 784
790 780
790 781
790 786
790 786
790 783
790 785
790 781
790 788
790 787
790 787
790 785
790 786
790 781
790 783
790 786
790 786
790 783
790 782
790 785
790 784
790 786
790 786
790 787
790 784
790 784
790 786
790 783
790 785
790 786
790 788
790 784
790 783
790 784
790 782
790 787
790 781
790 784
790 779
790 787
790 786
790 786
800 795
800 795
800 796
800 794
800 796
800 796
800 792
800 793
800 799
800 797
800 797
800 795
800 791
800 794
800 795
800 799
800 793
800 796
800 793
800 793
800 795
800 797
800 794
800 794
800 797
800 794
800 794
800 793
800 796
800 794
800 792
800 793
800 794
800 794
800 797
800 793
800 794
800 797
800 796
800 791
800 796
800 797
800 795
800 794
800 794
800 796
800 790
800 796
800 796
800 793
810 802
810 803
810 808
810 803
810 807
810 803
810 807
810 806
810 802
810 803
810 806
810 801
810 803
810 809
810 803
810 804
810 805
810 804
810 802
810 807
810 805
810 804
810 806
810 804
810 805
810 805
810 804
810 803
810 804
810 808
810 807
810 805
810 807
810 804
810 803
810 805
810 806
810 804
810 801
810 808
810 804
810 804
810 804
810 805
810 807
810 806
810 808
810 802
810 809
810 804
820 817
820 813
820 816
820 814
820 813
820 818
820 814
820 817
820 817
820 812
820 817
820 814
820 816
820 813
820 815
820 818
820 814
820 811
820 818
820 815
820 816
820 816
820 811
820 815
820 816
820 814
820 814
820 816
820 816
820 816
820 814
820 815
820 813
820 811
820 816
820 813
820 818
820 817
820 817
820 817
820 816
820 816
820 814
820 816
820 817
820 816
820 816
820 813
820 814
820 814
830 822
830 824
830 823
830 826
830 824
830 820
830 827
830 824
830 826
830 822
830 824
830 827
830 825
830 825
830 823
830 825
830 827
830 827
830 821
830 821
830 826
830 825
830 822
830 826
830 827
830 821
830 826
830 825
830 824
830 823
830 823
830 823
830 825
830 825
830 826
830 826
830 824
830 824
830 824
830 823
830 826
830 824
830 822
830 826
830 823
830 818
830 826
830 827
830 826
830 825
840 833
840 839
840 838
840 839
840 832
840 833
840 834
840 837
840 833
840 833
840 833
840 833
840 830
840 833
840 833
840 837
840 835
840 833
840 836
840 834
840 836
840 832
840 835
840 829
840 836
840 834
840 836
840 834
840 835
840 838
840 836
840 836
840 832
840 831
840 835
840 836
840 836
840 835
840 833
840 832
840 836
840 834
840 834
840 835
840 835
840 838
840 836
840 835
840 836
840 836
850 845
850 847
850 847
850 844
850 846
850 845
850 848
850 847
850 844
850 845
850 844
850 847
850 843
850 845
850 848
850 847
850 846
850 846
850 845
850 845
850 845
850 845
850 844
850 844
850 847
850 843
850 846
850 843
850 844
850 845
850 845
850 848
850 843
850 846
850 842
850 842
850 843
850 846
850 847
850 845
850 845
850 846
850 843
850 844
850 844
850 846
850 846
850 847
850 843
850 846
860 854
860 855
860 856
860 855
860 853
860 853
860 850
860 855
860 857
860 854
860 856
860 853
860 855
860 854
860 853
860 852
860 857
860 852
860 854
860 857
860 855
860 852
860 857
860 855
860 855
860 856
860 853
860 854
860 858
860 851
860 856
860 856
860 853
860 857
860 858
860 858
860 856
860 855
860 853
860 857
860 855
860 857
860 856
860 857
860 857
860 857
860 855
860 855
860 858
860 857
870 863
870 864
870 867
870 867
870 863
870 867
870 867
870 866
870 867
870 866
870 866
870 864
870 864
870 864
870 865
870 866
870 864
870 863
870 864
870 868
870 865
870 866
870 867
870 866
870 865
870 864
870 867
870 867
870 865
870 867
870 864
870 866
870 864
870 867
870 861
870 861
870 866
870 866
870 863
870 861
870 865
870 866
870 867
870 865
870 863
870 868
870 864
870 867
870 867
870 869
880 874
880 873
880 877
880 877
880 874
880 874
880 876
880 878
880 872
880 874
880 874
880 874
880 875
880 877
880 874
880 877
880 875
880 878
880 873
880 874
880 878
880 877
880 877
880 871
880 873
880 874
880 876
880 875
880 876
880 874
880 875
880 877
880 868
880 877
880 875
880 878
880 871
880 877
880 869
880 873
880 873
880 879
880 876
880 877
880 875
880 874
880 874
880 876
880 871
880 876
890 881
890 885
890 885
890 882
890 885
890 886
890 885
890 884
890 884
890 887
890 883
890 884
890 885
890 886
890 885
890 886
890 883
890 887
890 883
890 885
890 884
890 886
890 882
890 885
890 885
890 884
890 884
890 882
890 887
890 887
890 880
890 887
890 881
890 885
890 885
890 886
890 885
890 886
890 886
890 884
890 885
890 881
890 883
890 886
890 886
890 886
890 884
890 886
890 886
890 888
900 891
900 893
900 896
900 897
900 891
900 898
900 896
900 890
900 897
900 895
900 893
900 896
900 895
900 897
900 894
900 891
900 895
900 891
900 894
900 895
900 895
900 897
900 892
900 897
900 895
900 892
900 893
900 897
900 893
900 897
900 897
900 898
900 895
900 895
900 894
900 896
900 894
900 897
900 895
900 894
900 894
900 895
900 898
900 898
900 897
900 893
900 893
900 894
900 896
900 898
910 900
910 908
910 904
910 905
910 903
910 907
910 904
910 903
910 906
910 904
910 901
910 905
910 906
910 902
910 906
910 900
910 904
910 906
910 904
910 904
910 903
910 907
910 901
910 904
910 906
910 902
910 904
910 902
910 907
910 902
910 905
910 909
910 904
910 905
910 904
910 905
910 904
910 905
910 905
910 906
910 901
910 904
910 905
910 905
910 905
910 907
910 906
910 906
910 904
910 903
920 914
920 914
920 912
920 915
920 909
920 915
920 915
920 916
920 916
920 917
920 910
920 915
920 916
920 917
920 913
920 913
920 915
920 918
920 917
920 914
920 913
920 917
920 914
920 915
920 916
920 915
920 915
920 916
920 911
920 917
920 917
920 915
920 915
920 915
920 914
920 915
920 914
920 916
920 915
920 913
920 916
920 917
920 914
920 915
920 912
920 918
920 916
920 915
920 916
920 915
930 923
930 922
930 924
930 922
930 926
930 926
930 927
930 920
930 926
930 925
930 925
930 924
930 925
930 925
930 923
930 922
930 926
930 925
930 925
930 927
930 922
930 924
930 925
930 926
930 926
930 926
930 923
930 922
930 929
930 927
930 922
930 925
930 924
930 923
930 926
930 925
930 923
930 923
930 923
930 928
930 927
930 923
930 929
930 924
930 924
930 925
930 926
930 928
930 921
930 924
940 937
940 936
940 937
940 934
940 935
940 936
940 938
940 935
940 935
940 937
940 933
940 935
940 933
940 932
940 937
940 930
940 931
940 937
940 933
940 935
940 937
940 935
940 935
940 932
940 933
940 937
940 938
940 930
940 936
940 937
940 938
940 934
940 934
940 932
940 936
940 935
940 936
940 937
940 939
940 934
940 933
940 936
940 938
940 936
940 933
940 935
940 934
940 936
940 935
940 933
950 941
950 946
950 943
950 943
950 946
950 946
950 942
950 948
950 946
950 946
950 944
950 946
950 946
950 944
950 944
950 947
950 941
950 944
950 943
950 943
950 947
950 943
950 946
950 946
950 944
950 944
950 946
950 943
950 945
950 947
950 946
950 945
950 942
950 945
950 942
950 944
950 946
950 946
950 945
950 943
950 946
950 945
950 945
950 944
950 946
950 946
950 941
950 946
950 946
950 947
960 956
960 957
960 956
960 953
960 955
960 955
960 952
960 956
960 954
960 954
960 951
960 958
960 954
960 954
960 956
960 952
960 958
960 956
960 954
960 953
960 952
960 953
960 954
960 957
960 957
960 956
960 955
960 955
960 956
960 956
960 954
960 954
960 958
960 955
960 953
960 955
960 956
960 954
960 957
960 957
960 953
960 952
960 958
960 952
960 956
960 954
960 955
960 955
960 954
960 953
970 962
970 962
970 966
970 964
970 962
970 968
970 969
970 964
970 966
970 965
970 967
970 964
970 968
970 967
970 963
970 964
970 966
970 966
970 963
970 962
970 966
970 965
970 966
970 964
970 967
970 965
970 966
970 967
970 961
970 966
970 964
970 968
970 964
970 966
970 964
970 965
970 965
970 963
970 967
970 963
970 964
970 966
970 964
970 965
970 964
970 962
970 963
970 966
970 967
970 966
980 975
980 973
980 974
980 974
980 978
980 978
980 974
980 977
980 974
980 975
980 974
980 978
980 973
980 978
980 976
980 974
980 977
980 978
980 973
980 978
980 976
980 974
980 973
980 976
980 974
980 974
980 972
980 971
980 972
980 973
980 976
980 973
980 972
980 974
980 976
980 978
980 972
980 976
980 975
980 973
980 975
980 973
980 972
980 974
980 972
980 973
980 969
980 979
980 973
980 978
990 982
990 982
990 983
990 985
990 986
990 985
990 986
990 985
990 986
990 985
990 985
990 983
990 983
990 987
990 986
990 987
990 984
990 985
990 985
990 987
990 987
990 987
990 983
990 984
990 983
990 986
990 983
990 985
990 986
990 988
990 986
990 984
990 980
990 986
990 985
990 984
990 986
990 983
990 980
990 984
990 988
990 986
990 983
990 986
990 983
990 984
990 986
990 981
990 983
990 984
1000 994
1000 996
1000 994
1000 996
1000 993
1000 993
1000 992
1000 994
1000 996
1000 994
1000 996
1000 994
1000 992
1000 994
1000 994
1000 996
1000 995
1000 997
1000 994
1000 994
1000 998
1000 993
1000 994
1000 995
1000 996
1000 993
1000 994
1000 992
1000 997
1000 997
1000 995
1000 998
1000 994
1000 995
1000 997
1000 996
1000 996
1000 996
1000 996
1000 992
1000 995
1000 997
1000 989
1000 994
1000 995
1000 993
1000 997
1000 995
1000 993
1000 993
1010 1006
1010 1002
1010 1007
1010 1006
1010 1006
1010 1003
1010 1005
1010 1006
1010 1003
1010 1004
1010 1006
1010 1005
1010 1006
1010 1006
1010 1007
1010 1001
1010 1002
1010 1006
1010 1008
1010 1006
1010 1003
1010 1004
1010 1005
1010 1004
1010 1007
1010 1004
1010 1003
1010 1005
1010 1005
1010 1005
1010 1007
1010 1003
1010 1003
1010 1005
1010 1007
1010 1004
1010 1004
1010 1007
1010 1006
1010 1005
1010 1005
1010 1005
1010 1006
1010 1003
1010 1005
1010 1005
1010 1006
1010 1005
1010 1001
1010 1004
1020 1016
1020 1017
1020 1014
1020 1017
1020 1013
1020 1015
1020 1013
1020 1016
1020 1017
1020 1011
1020 1014
1020 1018
1020 1017
1020 1014
1020 1013
1020 1016
1020 1015
1020 1015
1020 1012
1020 1015
1020 1017
1020 1014
1020 1017
1020 1010
1020 1012
1020 1014
1020 1013
1020 1013
1020 1012
1020 1014
1020 1015
1020 1016
1020 1016
1020 1013
1020 1015
1020 1013
1020 1015
1020 1015
1020 1016
1020 1016
1020 1012
1020 1011
1020 1011
1020 1015
1020 1014
1020 1012
1020 1016
1020 1015
1020 1011
1020 1015
1030 1026
1030 1024
1030 1025
1030 1023
1030 1024
1030 1026
1030 1018
1030 1024
1030 1024
1030 1024
1030 1027
1030 1025
1030 1026
1030 1027
1030 1025
1030 1023
1030 1027
1030 1026
1030 1026
1030 1023
1030 1025
1030 1026
1030 1021
1030 1026
1030 1025
1030 1026
1030 1028
1030 1024
1030 1025
1030 1027
1030 1024
1030 1026
1030 1025
1030 1027
1030 1023
1030 1023
1030 1023
1030 1025
1030 1024
1030 1029
1030 1023
1030 1026
1030 1025
1030 1027
1030 1027
1030 1025
1030 1024
1030 1026
1030 1022
1030 1025
1040 1036
1040 1035
1040 1033
1040 1035
1040 1036
1040 1032
1040 1037
1040 1036
1040 1037
1040 1036
1040 1035
1040 1035
1040 1033
1040 1034
1040 1033
1040 1035
1040 1033
1040 1037
1040 1034
1040 1035
1040 1035
1040 1036
1040 1034
1040 1036
1040 1035
1040 1038
1040 1030
1040 1035
1040 1034
1040 1038
1040 1037
1040 1036
1040 1036
1040 1032
1040 1035
1040 1035
1040 1031
1040 1034
1040 1033
1040 1031
1040 1034
1040 1035
1040 1033
1040 1031
1040 1033
1040 1033
1040 1035
1040 1037
1040 1036
1040 1037
1050 1041
1050 1046
1050 1046
1050 1042
1050 1044
1050 1045
1050 1044
1050 1047
1050 1043
1050 1045
1050 1046
1050 1046
1050 1048
1050 1047
1050 1047
1050 1044
1050 1043
1050 1044
1050 1045
1050 1048
1050 1049
1050 1048
1050 1043
1050 1045
1050 1042
1050 1044
1050 1043
1050 1046
1050 1048
1050 1043
1050 1045
1050 1046
1050 1046
1050 1043
1050 1045
1050 1047
1050 1044
1050 1044
1050 1044
1050 1047
1050 1043
1050 1045
1050 1047
1050 1047
1050 1047
1050 1047
1050 1042
1050 1041
1050 1043
1050 1041
1060 1056
1060 1055
1060 1052
1060 1056
1060 1054
1060 1054
1060 1057
1060 1055
1060 1053
1060 1056
1060 1056
1060 1052
1060 1055
1060 1055
1060 1054
1060 1057
1060 1056
1060 1052
1060 1055
1060 1056
1060 1056
1060 1051
1060 1054
1060 1052
1060 1056
1060 1057
1060 1056
1060 1055
1060 1054
1060 1054
1060 1054
1060 1054
1060 1055
1060 1058
1060 1056
1060 1054
1060 1058
1060 1056
1060 1050
1060 1056
1060 1054
1060 1057
1060 1054
1060 1054
1060 1055
1060 1054
1060 1056
1060 1056
1060 1052
1060 1058
1070 1066
1070 1066
1070 1067
1070 1061
1070 1064
1070 1067
1070 1063
1070 1065
1070 1065
1070 1066
1070 1062
1070 1065
1070 1064
1070 1066
1070 1065
1070 1066
1070 1068
1070 1067
1070 1065
1070 1066
1070 1065
1070 1061
1070 1064
1070 1065
1070 1063
1070 1063
1070 1065
1070 1063
1070 1064
1070 1064
1070 1062
1070 1064
1070 1068
1070 1069
1070 1065
1070 1062
1070 1065
1070 1062
1070 1065
1070 1062
1070 1061
1070 1067
1070 1063
1070 1065
1070 1065
1070 1063
1070 1066
1070 1064
1070 1062
1070 1065
1080 1076
1080 1077
1080 1074
1080 1073
1080 1078
1080 1072
1080 1072
1080 1075
1080 1075
1080 1073
1080 1074
1080 1076
1080 1075
1080 1075
1080 1070
1080 1071
1080 1074
1080 1071
1080 1076
1080 1073
1080 1076
1080 1077
1080 1071
1080 1071
1080 1075
1080 1075
1080 1075
1080 1070
1080 1075
1080 1076
1080 1075
1080 1077
1080 1075
1080 1074
1080 1076
1080 1072
1080 1074
1080 1074
1080 1074
1080 1076
1080 1075
1080 1074
1080 1078
1080 1078
1080 1076
1080 1074
1080 1075
1080 1074
1080 1075
1080 1076
1090 1086
1090 1086
1090 1088
1090 1086
1090 1083
1090 1087
1090 1088
1090 1078
1090 1085
1090 1086
1090 1085
1090 1084
1090 1084
1090 1084
1090 1088
1090 1087
1090 1088
1090 1083
1090 1084
1090 1084
1090 1085
1090 1083
1090 1086
1090 1084
1090 1080
1090 1086
1090 1088
1090 1088
1090 1086
1090 1085
1090 1085
1090 1082
1090 1085
1090 1085
1090 1086
1090 1089
1090 1083
1090 1087
1090 1081
1090 1084
1090 1085
1090 1082
1090 1086
1090 1086
1090 1082
1090 1083
1090 1080
1090 1083
1090 1081
1090 1085
1100 1093
1100 1095
1100 1096
1100 1095
1100 1096
1100 1094
1100 1095
1100 1094
1100 1096
1100 1093
1100 1095
1100 1094
1100 1088
1100 1094
1100 1096
1100 1097
1100 1095
1100 1094
1100 1092
1100 1094
1100 1097
1100 1097
1100 1095
1100 1093
1100 1094
1100 1090
1100 1097
1100 1096
1100 1092
1100 1095
1100 1096
1100 1095
1100 1095
1100 1093
1100 1090
1100 1095
1100 1091
1100 1092
1100 1092
1100 1094
1100 1096
1100 1097
1100 1094
1100 1093
1100 1095
1100 1097
1100 1092
1100 1095
1100 1092
1100 1095
1110 1105
1110 1105
1110 1105
1110 1108
1110 1107
1110 1104
1110 1102
1110 1106
1110 1107
1110 1107
1110 1103
1110 1102
1110 1104
1110 1105
1110 1108
1110 1105
1110 1104
1110 1105
1110 1103
1110 1108
1110 1102
1110 1105
1110 1105
1110 1104
1110 1106
1110 1103
1110 1105
1110 1103
1110 1102
1110 1103
1110 1105
1110 1106
1110 1107
1110 1103
1110 1106
1110 1108
1110 1105
1110 1107
1110 1104
1110 1103
1110 1106
1110 1105
1110 1101
1110 1107
1110 1106
1110 1106
1110 1107
1110 1107
1110 1102
1110 1107
1120 1117
1120 1114
1120 1116
1120 1115
1120 1114
1120 1118
1120 1116
1120 1112
1120 1116
1120 1113
1120 1116
1120 1111
1120 1112
1120 1117
1120 1116
1120 1112
1120 1114
1120 1116
1120 1116
1120 1113
1120 1116
1120 1115
1120 1113
1120 1114
1120 1117
1120 1113
1120 1114
1120 1117
1120 1117
1120 1115
1120 1114
1120 1115
1120 1114
1120 1114
1120 1116
1120 1114
1120 1116
1120 1117
1120 1116
1120 1115
1120 1112
1120 1115
1120 1114
1120 1114
1120 1112
1120 1110
1120 1115
1120 1113
1120 1112
1120 1115
1130 1127
1130 1126
1130 1122
1130 1126
1130 1124
1130 1124
1130 1124
1130 1126
1130 1127
1130 1124
1130 1128
1130 1121
1130 1128
1130 1121
1130 1124
1130 1126
1130 1122
1130 1126
1130 1123
1130 1124
1130 1125
1130 1124
1130 1122
1130 1126
1130 1128
1130 1124
1130 1126
1130 1124
1130 1122
1130 1121
1130 1123
1130 1118
1130 1123
1130 1125
1130 1127
1130 1121
1130 1123
1130 1127
1130 1125
1130 1125
1130 1126
1130 1128
1130 1125
1130 1124
1130 1122
1130 1125
1130 1122
1130 1126
1130 1124
1130 1124
1140 1134
1140 1135
1140 1134
1140 1137
1140 1135
1140 1135
1140 1134
1140 1135
1140 1137
1140 1134
1140 1136
1140 1137
1140 1133
1140 1137
1140 1134
1140 1135
1140 1136
1140 1134
1140 1134
1140 1135
1140 1134
1140 1134
1140 1133
1140 1133
1140 1130
1140 1136
1140 1136
1140 1136
1140 1132
1140 1136
1140 1131
1140 1133
1140 1129
1140 1137
1140 1134
1140 1133
1140 1134
1140 1136
1140 1134
1140 1137
1140 1134
1140 1136
1140 1133
1140 1132
1140 1133
1140 1133
1140 1132
1140 1136
1140 1136
1140 1136
1150 1143
1150 1144
1150 1145
1150 1141
1150 1147
1150 1144
1150 1143
1150 1143
1150 1143
1150 1145
1150 1142
1150 1144
1150 1144
1150 1144
1150 1145
1150 1147
1150 1145
1150 1146
1150 1146
1150 1145
1150 1144
1150 1143
1150 1143
1150 1148
1150 1145
1150 1143
1150 1147
1150 1140
1150 1146
1150 1143
1150 1147
1150 1145
1150 1145
1150 1143
1150 1144
1150 1145
1150 1145
1150 1147
1150 1143
1150 1144
1150 1148
1150 1144
1150 1143
1150 1143
1150 1147
1150 1142
1150 1146
1150 1142
1150 1144
1150 1145
1160 1155
1160 1155
1160 1153
1160 1158
1160 1154
1160 1152
1160 1150
1160 1156
1160 1156
1160 1153
1160 1155
1160 1153
1160 1153
1160 1156
1160 1158
1160 1159
1160 1155
1160 1159
1160 1152
1160 1158
1160 1158
1160 1153
1160 1157
1160 1157
1160 1156
1160 1153
1160 1157
1160 1152
1160 1154
1160 1155
1160 1151
1160 1151
1160 1153
1160 1158
1160 1154
1160 1152
1160 1154
1160 1155
1160 1156
1160 1158
1160 1156
1160 1156
1160 1155
1160 1151
1160 1156
1160 1157
1160 1156
1160 1155
1160 1152
1160 1155
1170 1168
1170 1164
1170 1167
1170 1163
1170 1165
1170 1165
1170 1169
1170 1164
1170 1166
1170 1164
1170 1162
1170 1166
1170 1164
1170 1164
1170 1165
1170 1165
1170 1165
1170 1162
1170 1163
1170 1167
1170 1164
1170 1164
1170 1165
1170 1162
1170 1163
1170 1165
1170 1163
1170 1161
1170 1162
1170 1167
1170 1163
1170 1164
1170 1162
1170 1166
1170 1168
1170 1163
1170 1165
1170 1165
1170 1165
1170 1165
1170 1165
1170 1168
1170 1165
1170 1165
1170 1164
1170 1164
1170 1163
1170 1164
1170 1162
1170 1163
1180 1176
1180 1179
1180 1177
1180 1173
1180 1173
1180 1175
1180 1176
1180 1176
1180 1175
1180 1175
1180 1177
1180 1175
1180 1175
1180 1177
1180 1175
1180 1178
1180 1172
1180 1175
1180 1176
1180 1175
1180 1172
1180 1178
1180 1173
1180 1171
1180 1177
1180 1178
1180 1179
1180 1176
1180 1174
1180 1176
1180 1178
1180 1174
1180 1175
1180 1176
1180 1177
1180 1171
1180 1170
1180 1173
1180 1176
1180 1175
1180 1178
1180 1175
1180 1175
1180 1177
1180 1172
1180 1177
1180 1175
1180 1171
1180 1174
1180 1176
1190 1180
1190 1186
1190 1186
1190 1183
1190 1185
1190 1184
1190 1185
1190 1184
1190 1186
1190 1183
1190 1187
1190 1185
1190 1185
1190 1187
1190 1184
1190 1186
1190 1187
1190 1186
1190 1182
1190 1184
1190 1183
1190 1182
1190 1184
1190 1187
1190 1182
1190 1186
1190 1183
1190 1188
1190 1186
1190 1181
1190 1183
1190 1185
1190 1186
1190 1187
1190 1183
1190 1182
1190 1177
1190 1185
1190 1184
1190 1183
1190 1182
1190 1186
1190 1178
1190 1181
1190 1186
1190 1182
1190 1179
1190 1185
1190 1183
1190 1186
1200 1197
1200 1195
1200 1196
1200 1194
1200 1197
1200 1194
1200 1191
1200 1197
1200 1197
1200 1196
1200 1196
1200 1194
1200 1195
1200 1196
1200 1192
1200 1196
1200 1196
1200 1192
1200 1197
1200 1195
1200 1194
1200 1194
1200 1193
1200 1197
1200 1195
1200 1192
1200 1197
1200 1194
1200 1194
1200 1194
1200 1197
1200 1191
1200 1196
1200 1196
1200 1193
1200 1191
1200 1193
1200 1194
1200 1195
1200 1195
1200 1195
1200 1197
1200 1193
1200 1193
1200 1192
1200 1192
1200 1194
1200 1195
1200 1197
1200 1195
1210 1204
1210 1202
1210 1201
1210 1201
1210 1208
1210 1206
1210 1207
1210 1203
1210 1207
1210 1201
1210 1202
1210 1205
1210 1206
1210 1205
1210 1205
1210 1198
1210 1204
1210 1205
1210 1204
1210 1205
1210 1203
1210 1204
1210 1206
1210 1203
1210 1206
1210 1200
1210 1203
1210 1203
1210 1201
1210 1203
1210 1204
1210 1205
1210 1205
1210 1206
1210 1202
1210 1206
1210 1203
1210 1204
1210 1207
1210 1207
1210 1205
1210 1203
1210 1207
1210 1204
1210 1207
1210 1205
1210 1205
1210 1201
1210 1203
1210 1205
1220 1216
1220 1219
1220 1213
1220 1210
1220 1215
1220 1214
1220 1217
1220 1210
1220 1217
1220 1215
1220 1216
1220 1216
1220 1213
1220 1212
1220 1216
1220 1214
1220 1215
1220 1212
1220 1214
1220 1213
1220 1217
1220 1217
1220 1212
1220 1213
1220 1216
1220 1213
1220 1216
1220 1214
1220 1215
1220 1215
1220 1215
1220 1210
1220 1215
1220 1214
1220 1212
1220 1214
1220 1216
1220 1214
1220 1212
1220 1212
1220 1212
1220 1215
1220 1214
1220 1216
1220 1217
1220 1218
1220 1217
1220 1214
1220 1216
1220 1216
1230 1228
1230 1227
1230 1225
1230 1227
1230 1224
1230 1225
1230 1224
1230 1223
1230 1223
1230 1224
1230 1222
1230 1225
1230 1224
1230 1226
1230 1226
1230 1226
1230 1226
1230 1223
1230 1226
1230 1222
1230 1228
1230 1222
1230 1224
1230 1224
1230 1223
1230 1224
1230 1226
1230 1220
1230 1224
1230 1220
1230 1226
1230 1223
1230 1222
1230 1225
1230 1223
1230 1223
1230 1227
1230 1223
1230 1222
1230 1222
1230 1224
1230 1224
1230 1226
1230 1223
1230 1227
1230 1226
1230 1223
1230 1223
1230 1223
1230 1226
1240 1232
1240 1237
1240 1232
1240 1236
1240 1236
1240 1236
1240 1233
1240 1237
1240 1234
1240 1232
1240 1232
1240 1232
1240 1233
1240 1235
1240 1234
1240 1235
1240 1235
1240 1234
1240 1232
1240 1234
1240 1234
1240 1237
1240 1233
1240 1234
1240 1235
1240 1238
1240 1236
1240 1235
1240 1234
1240 1238
1240 1236
1240 1235
1240 1236
1240 1234
1240 1234
1240 1235
1240 1231
1240 1234
1240 1232
1240 1234
1240 1236
1240 1234
1240 1235
1240 1235
1240 1236
1240 1232
1240 1236
1240 1237
1240 1235
1240 1237
1250 1245
1250 1246
1250 1247
1250 1241
1250 1244
1250 1243
1250 1244
1250 1244
1250 1241
1250 1244
1250 1244
1250 1246
1250 1247
1250 1245
1250 1239
1250 1246
1250 1243
1250 1246
1250 1248
1250 1245
1250 1239
1250 1243
1250 1246
1250 1242
1250 1245
1250 1243
1250 1244
1250 1248
1250 1245
1250 1243
1250 1246
1250 1247
1250 1246
1250 1244
1250 1242
1250 1242
1250 1245
1250 1244
1250 1244
1250 1246
1250 1243
1250 1248
1250 1242
1250 1246
1250 1243
1250 1246
1250 1247
1250 1243
1250 1246
1250 1247
1260 1256
1260 1253
1260 1253
1260 1251
1260 1253
1260 1253
1260 1253
1260 1255
1260 1256
1260 1256
1260 1257
1260 1257
1260 1255
1260 1254
1260 1253
1260 1254
1260 1253
1260 1255
1260 1254
1260 1257
1260 1257
1260 1256
1260 1255
1260 1256
1260 1252
1260 1251
1260 1253
1260 1255
1260 1252
1260 1256
1260 1255
1260 1257
1260 1257
1260 1255
1260 1256
1260 1258
1260 1257
1260 1252
1260 1255
1260 1254
1260 1254
1260 1252
1260 1256
1260 1252
1260 1256
1260 1255
1260 1256
1260 1250
1260 1251
1260 1256
1270 1262
1270 1268
1270 1265
1270 1262
1270 1263
1270 1264
1270 1265
1270 1265
1270 1264
1270 1263
1270 1264
1270 1268
1270 1264
1270 1265
1270 1267
1270 1260
1270 1264
1270 1263
1270 1263
1270 1258
1270 1266
1270 1266
1270 1267
1270 1265
1270 1259
1270 1267
1270 1265
1270 1265
1270 1263
1270 1263
1270 1266
1270 1267
1270 1263
1270 1262
1270 1266
1270 1264
1270 1262
1270 1265
1270 1263
1270 1263
1270 1267
1270 1267
1270 1261
1270 1263
1270 1267
1270 1263
1270 1262
1270 1263
1270 1268
1270 1261
1280 1276
1280 1277
1280 1274
1280 1277
1280 1274
1280 1277
1280 1277
1280 1276
1280 1270
1280 1273
1280 1269
1280 1275
1280 1274
1280 1272
1280 1274
1280 1277
1280 1275
1280 1273
1280 1272
1280 1277
1280 1273
1280 1272
1280 1274
1280 1277
1280 1274
1280 1277
1280 1275
1280 1275
1280 1274
1280 1276
1280 1276
1280 1272
1280 1273
1280 1272
1280 1272
1280 1276
1280 1271
1280 1276
1280 1276
1280 1276
1280 1278
1280 1277
1280 1277
1280 1271
1280 1276
1280 1273
1280 1275
1280 1272
1280 1271
1280 1272
1290 1283
1290 1284
1290 1286
1290 1284
1290 1288
1290 1283
1290 1287
1290 1283
1290 1288
1290 1284
1290 1284
1290 1282
1290 1283
1290 1281
1290 1285
1290 1287
1290 1282
1290 1282
1290 1283
1290 1283
1290 1281
1290 1285
1290 1286
1290 1284
1290 1281
1290 1284
1290 1285
1290 1286
1290 1284
1290 1283
1290 1286
1290 1282
1290 1284
1290 1284
1290 1286
1290 1283
1290 1286
1290 1286
1290 1286
1290 1281
1290 1282
1290 1286
1290 1287
1290 1283
1290 1282
1290 1286
1290 1283
1290 1285
1290 1285
1290 1283
1300 1295
1300 1291
1300 1295
1300 1295
1300 1296
1300 1295
1300 1295
1300 1295
1300 1291
1300 1294
1300 1292
1300 1294
1300 1295
1300 1296
1300 1295
1300 1293
1300 1295
1300 1295
1300 1293
1300 1298
1300 1293
1300 1294
1300 1294
1300 1291
1300 1294
1300 1297
1300 1295
1300 1294
1300 1293
1300 1293
1300 1294
1300 1293
1300 1298
1300 1294
1300 1297
1300 1294
1300 1297
1300 1295
1300 1293
1300 1291
1300 1292
1300 1296
1300 1290
1300 1298
1300 1293
1300 1295
1300 1296
1300 1296
1300 1296
1300 1291
1310 1307
1310 1307
1310 1306
1310 1307
1310 1305
1310 1302
1310 1301
1310 1304
1310 1304
1310 1305
1310 1307
1310 1306
1310 1301
1310 1304
1310 1306
1310 1301
1310 1305
1310 1304
1310 1303
1310 1305
1310 1306
1310 1303
1310 1302
1310 1304
1310 1302
1310 1302
1310 1303
1310 1300
1310 1305
1310 1301
1310 1302
1310 1306
1310 1306
1310 1304
1310 1307
1310 1304
1310 1297
1310 1302
1310 1303
1310 1305
1310 1303
1310 1304
1310 1307
1310 1304
1310 1304
1310 1300
1310 1305
1310 1308
1310 1308
1310 1301
1320 1316
1320 1311
1320 1316
1320 1315
1320 1312
1320 1314
1320 1313
1320 1318
1320 1313
1320 1317
1320 1312
1320 1308
1320 1316
1320 1314
1320 1315
1320 1312
1320 1314
1320 1314
1320 1312
1320 1316
1320 1318
1320 1314
1320 1316
1320 1314
1320 1315
1320 1316
1320 1314
1320 1309
1320 1318
1320 1313
1320 1314
1320 1317
1320 1315
1320 1313
1320 1317
1320 1313
1320 1316
1320 1313
1320 1316
1320 1315
1320 1315
1320 1315
1320 1316
1320 1316
1320 1314
1320 1311
1320 1314
1320 1316
1320 1318
1320 1318
1330 1324
1330 1329
1330 1324
1330 1327
1330 1322
1330 1323
1330 1327
1330 1324
1330 1323
1330 1325
1330 1326
1330 1326
1330 1324
1330 1324
1330 1318
1330 1321
1330 1323
1330 1324
1330 1322
1330 1325
1330 1326
1330 1323
1330 1324
1330 1325
1330 1325
1330 1325
1330 1322
1330 1326
1330 1319
1330 1321
1330 1326
1330 1328
1330 1327
1330 1325
1330 1327
1330 1324
1330 1327
1330 1322
1330 1325
1330 1327
1330 1324
1330 1328
1330 1323
1330 1328
1330 1323
1330 1327
1330 1324
1330 1323
1330 1322
1330 1326
1340 1330
1340 1333
1340 1334
1340 1332
1340 1336
1340 1332
1340 1336
1340 1335
1340 1332
1340 1335
1340 1333
1340 1336
1340 1336
1340 1335
1340 1333
1340 1336
1340 1338
1340 1332
1340 1335
1340 1337
1340 1332
1340 1334
1340 1335
1340 1334
1340 1337
1340 1336
1340 1332
1340 1333
1340 1335
1340 1337
1340 1333
1340 1336
1340 1336
1340 1334
1340 1333
1340 1336
1340 1334
1340 1332
1340 1339
1340 1336
1340 1335
1340 1335
1340 1334
1340 1335
1340 1330
1340 1334
1340 1333
1340 1331
1340 1333
1340 1335
1350 1344
1350 1343
1350 1343
1350 1345
1350 1348
1350 1342
1350 1346
1350 1340
1350 1342
1350 1344
1350 1344
1350 1346
1350 1347
1350 1345
1350 1347
1350 1344
1350 1346
1350 1342
1350 1347
1350 1344
1350 1348
1350 1345
1350 1344
1350 1344
1350 1343
1350 1342
1350 1347
1350 1344
1350 1345
1350 1342
1350 1344
1350 1339
1350 1347
1350 1342
1350 1344
1350 1348
1350 1343
1350 1347
1350 1347
1350 1345
1350 1347
1350 1346
1350 1341
1350 1344
1350 1347
1350 1342
1350 1346
1350 1346
1350 1345
1350 1345
1360 1354
1360 1356
1360 1355
1360 1350
1360 1355
1360 1357
1360 1358
1360 1356
1360 1356
1360 1353
1360 1354
1360 1353
1360 1352
1360 1355
1360 1355
1360 1358
1360 1354
1360 1355
1360 1353
1360 1355
1360 1353
1360 1353
1360 1351
1360 1354
1360 1354
1360 1355
1360 1356
1360 1352
1360 1357
1360 1357
1360 1357
1360 1358
1360 1355
1360 1351
1360 1353
1360 1356
1360 1354
1360 1355
1360 1350
1360 1354
1360 1358
1360 1353
1360 1355
1360 1357
1360 1355
1360 1354
1360 1355
1360 1352
1360 1353
1360 1352
1370 1364
1370 1368
1370 1365
1370 1363
1370 1366
1370 1362
1370 1364
1370 1365
1370 1366
1370 1365
1370 1363
1370 1368
1370 1364
1370 1368
1370 1367
1370 1366
1370 1362
1370 1362
1370 1366
1370 1365
1370 1363
1370 1367
1370 1364
1370 1364
1370 1365
1370 1364
1370 1364
1370 1364
1370 1366
1370 1364
1370 1366
1370 1366
1370 1365
1370 1366
1370 1366
1370 1364
1370 1367
1370 1365
1370 1367
1370 1364
1370 1365
1370 1364
1370 1366
1370 1366
1370 1364
1370 1365
1370 1363
1370 1363
1370 1363
1370 1366
1380 1374
1380 1375
1380 1378
1380 1378
1380 1375
1380 1374
1380 1375
1380 1372
1380 1373
1380 1374
1380 1375
1380 1371
1380 1374
1380 1371
1380 1376
1380 1373
1380 1369
1380 1376
1380 1377
1380 1373
1380 1377
1380 1377
1380 1378
1380 1375
1380 1371
1380 1371
1380 1377
1380 1375
1380 1376
1380 1375
1380 1377
1380 1374
1380 1375
1380 1369
1380 1372
1380 1378
1380 1374
1380 1375
1380 1378
1380 1373
1380 1371
1380 1372
1380 1373
1380 1378
1380 1376
1380 1376
1380 1374
1380 1375
1380 1376
1380 1377
1390 1387
1390 1382
1390 1382
1390 1381
1390 1382
1390 1384
1390 1386
1390 1384
1390 1377
1390 1388
1390 1387
1390 1386
1390 1381
1390 1383
1390 1383
1390 1387
1390 1388
1390 1381
1390 1386
1390 1386
1390 1384
1390 1384
1390 1383
1390 1379
1390 1386
1390 1385
1390 1379
1390 1382
1390 1383
1390 1383
1390 1387
1390 1385
1390 1383
1390 1385
1390 1386
1390 1387
1390 1389
1390 1381
1390 1378
1390 1387
1390 1384
1390 1387
1390 1388
1390 1387
1390 1384
1390 1386
1390 1386
1390 1385
1390 1381
1390 1383
1400 1397
1400 1396
1400 1397
1400 1392
1400 1396
1400 1395
1400 1392
1400 1397
1400 1394
1400 1396
1400 1394
1400 1397
1400 1396
1400 1397
1400 1394
1400 1395
1400 1394
1400 1392
1400 1394
1400 1396
1400 1397
1400 1395
1400 1393
1400 1395
1400 1396
1400 1397
1400 1392
1400 1397
1400 1393
1400 1395
1400 1395
1400 1397
1400 1394
1400 1392
1400 1394
1400 1397
1400 1393
1400 1393
1400 1396
1400 1395
1400 1397
1400 1393
1400 1392
1400 1398
1400 1396
1400 1395
1400 1395
1400 1394
1400 1394
1400 1394
1410 1407
1410 1405
1410 1406
1410 1407
1410 1406
1410 1405
1410 1406
1410 1406
1410 1398
1410 1405
1410 1404
1410 1401
1410 1402
1410 1403
1410 1403
1410 1404
1410 1404
1410 1401
1410 1405
1410 1406
1410 1404
1410 1407
1410 1402
1410 1405
1410 1403
1410 1404
1410 1406
1410 1405
1410 1406
1410 1405
1410 1407
1410 1402
1410 1405
1410 1405
1410 1406
1410 1401
1410 1406
1410 1404
1410 1407
1410 1406
1410 1406
1410 1399
1410 1405
1410 1404
1410 1406
1410 1402
1410 1405
1410 1407
1410 1402
1410 1406
1420 1415
1420 1417
1420 1414
1420 1413
1420 1411
1420 1418
1420 1418
1420 1417
1420 1417
1420 1415
1420 1413
1420 1415
1420 1412
1420 1415
1420 1415
1420 1415
1420 1416
1420 1416
1420 1411
1420 1413
1420 1412
1420 1416
1420 1414
1420 1414
1420 1414
1420 1414
1420 1415
1420 1414
1420 1416
1420 1412
1420 1417
1420 1412
1420 1415
1420 1412
1420 1411
1420 1414
1420 1418
1420 1413
1420 1414
1420 1416
1420 1415
1420 1413
1420 1414
1420 1414
1420 1414
1420 1411
1420 1418
1420 1416
1420 1414
1420 1414
1430 1423
1430 1426
1430 1425
1430 1426
1430 1424
1430 1425
1430 1425
1430 1423
1430 1423
1430 1426
1430 1424
1430 1424
1430 1427
1430 1426
1430 1425
1430 1422
1430 1421
1430 1425
1430 1427
1430 1426
1430 1421
1430 1425
1430 1420
1430 1426
1430 1420
1430 1425
1430 1428
1430 1425
1430 1425
1430 1423
1430 1423
1430 1427
1430 1427
1430 1426
1430 1425
1430 1424
1430 1425
1430 1423
1430 1424
1430 1421
1430 1421
1430 1425
1430 1425
1430 1424
1430 1427
1430 1424
1430 1427
1430 1425
1430 1426
1430 1423
1440 1436
1440 1430
1440 1430
1440 1437
1440 1436
1440 1434
1440 1433
1440 1431
1440 1431
1440 1434
1440 1435
1440 1433
1440 1431
1440 1437
1440 1436
1440 1432
1440 1433
1440 1435
1440 1435
1440 1436
1440 1436
1440 1436
1440 1432
1440 1435
1440 1433
1440 1435
1440 1437
1440 1435
1440 1433
1440 1434
1440 1434
1440 1438
1440 1434
1440 1435
1440 1434
1440 1437
1440 1434
1440 1430
1440 1436
1440 1431
1440 1432
1440 1437
1440 1437
1440 1433
1440 1433
1440 1439
1440 1433
1440 1434
1440 1434
1440 1437
1450 1446
1450 1446
1450 1443
1450 1447
1450 1446
1450 1442
1450 1445
1450 1445
1450 1445
1450 1445
1450 1443
1450 1445
1450 1442
1450 1446
1450 1445
1450 1445
1450 1442
1450 1441
1450 1446
1450 1444
1450 1441
1450 1447
1450 1447
1450 1449
1450 1445
1450 1445
1450 1447
1450 1444
1450 1444
1450 1444
1450 1448
1450 1441
1450 1443
1450 1443
1450 1443
1450 1448
1450 1441
1450 1440
1450 1448
1450 1443
1450 1446
1450 1442
1450 1440
1450 1448
1450 1442
1450 1443
1450 1445
1450 1439
1450 1445
1450 1443
1460 1453
1460 1457
1460 1455
1460 1452
1460 1454
1460 1455
1460 1452
1460 1455
1460 1456
1460 1455
1460 1453
1460 1455
1460 1455
1460 1455
1460 1454
1460 1457
1460 1456
1460 1455
1460 1455
1460 1454
1460 1452
1460 1456
1460 1456
1460 1452
1460 1455
1460 1455
1460 1456
1460 1453
1460 1456
1460 1453
1460 1456
1460 1455
1460 1456
1460 1456
1460 1452
1460 1458
1460 1457
1460 1455
1460 1453
1460 1453
1460 1458
1460 1458
1460 1453
1460 1456
1460 1455
1460 1453
1460 1453
1460 1457
1460 1456
1460 1456
1470 1469
1470 1465
1470 1468
1470 1464
1470 1465
1470 1463
1470 1464
1470 1463
1470 1463
1470 1463
1470 1465
1470 1463
1470 1464
1470 1463
1470 1465
1470 1464
1470 1466
1470 1465
1470 1465
1470 1461
1470 1464
1470 1464
1470 1465
1470 1465
1470 1463
1470 1459
1470 1467
1470 1465
1470 1460
1470 1459
1470 1465
1470 1464
1470 1464
1470 1465
1470 1464
1470 1466
1470 1461
1470 1466
1470 1459
1470 1464
1470 1466
1470 1466
1470 1465
1470 1463
1470 1466
1470 1465
1470 1465
1470 1462
1470 1464
1470 1466
1480 1476
1480 1477
1480 1475
1480 1473
1480 1478
1480 1475
1480 1474
1480 1475
1480 1474
1480 1471
1480 1474
1480 1474
1480 1472
1480 1476
1480 1476
1480 1475
1480 1476
1480 1473
1480 1476
1480 1474
1480 1475
1480 1473
1480 1474
1480 1477
1480 1476
1480 1471
1480 1476
1480 1473
1480 1473
1480 1471
1480 1473
1480 1476
1480 1476
1480 1473
1480 1474
1480 1475
1480 1475
1480 1477
1480 1475
1480 1477
1480 1474
1480 1472
1480 1475
1480 1477
1480 1474
1480 1477
1480 1477
1480 1473
1480 1474
1480 1475
1490 1484
1490 1485
1490 1485
1490 1483
1490 1484
1490 1484
1490 1486
1490 1487
1490 1484
1490 1487
1490 1483
1490 1485
1490 1484
1490 1483
1490 1484
1490 1483
1490 1487
1490 1485
1490 1483
1490 1485
1490 1483
1490 1487
1490 1485
1490 1482
1490 1481
1490 1484
1490 1487
1490 1485
1490 1486
1490 1482
1490 1483
1490 1483
1490 1484
1490 1480
1490 1482
1490 1485
1490 1484
1490 1484
1490 1483
1490 1488
1490 1479
1490 1488
1490 1483
1490 1480
1490 1485
1490 1481
1490 1486
1490 1486
1490 1484
1490 1481
1500 1492
1500 1495
1500 1496
1500 1494
1500 1494
1500 1499
1500 1497
1500 1492
1500 1494
1500 1492
1500 1493
1500 1496
1500 1493
1500 1494
1500 1494
1500 1489
1500 1494
1500 1494
1500 1494
1500 1495
1500 1492
1500 1497
1500 1494
1500 1497
1500 1497
1500 1494
1500 1493
1500 1496
1500 1494
1500 1496
1500 1495
1500 1493
1500 1494
1500 1497
1500 1493
1500 1497
1500 1490
1500 1492
1500 1492
1500 1496
1500 1493
1500 1491
1500 1496
1500 1495
1500 1494
1500 1495
1500 1498
1500 1492
1500 1496
1500 1493
1510 1505
1510 1505
1510 1505
1510 1504
1510 1508
1510 1508
1510 1500
1510 1505
1510 1502
1510 1503
1510 1504
1510 1501
1510 1503
1510 1507
1510 1505
1510 1504
1510 1504
1510 1507
1510 1509
1510 1504
1510 1504
1510 1504
1510 1500
1510 1503
1510 1503
1510 1505
1510 1504
1510 1507
1510 1501
1510 1505
1510 1504
1510 1506
1510 1503
1510 1504
1510 1507
1510 1508
1510 1506
1510 1505
1510 1503
1510 1508
1510 1503
1510 1504
1510 1501
1510 1506
1510 1505
1510 1504
1510 1502
1510 1504
1510 1504
1510 1504
1520 1515
1520 1515
1520 1517
1520 1514
1520 1514
1520 1514
1520 1513
1520 1512
1520 1513
1520 1518
1520 1514
1520 1512
1520 1513
1520 1514
1520 1516
1520 1516
1520 1515
1520 1512
1520 1514
1520 1514
1520 1515
1520 1516
1520 1515
1520 1514
1520 1516
1520 1514
1520 1514
1520 1514
1520 1513
1520 1515
1520 1515
1520 1516
1520 1517
1520 1517
1520 1517
1520 1509
1520 1511
1520 1514
1520 1514
1520 1510
1520 1513
1520 1519
1520 1516
1520 1512
1520 1516
1520 1515
1520 1518
1520 1513
1520 1513
1520 1514
1530 1525
1530 1523
1530 1525
1530 1525
1530 1524
1530 1527
1530 1524
1530 1523
1530 1524
1530 1524
1530 1524
1530 1526
1530 1527
1530 1521
1530 1527
1530 1525
1530 1527
1530 1524
1530 1524
1530 1522
1530 1523
1530 1527
1530 1528
1530 1524
1530 1527
1530 1523
1530 1528
1530 1521
1530 1526
1530 1522
1530 1523
1530 1524
1530 1524
1530 1525
1530 1518
1530 1524
1530 1526
1530 1525
1530 1523
1530 1524
1530 1526
1530 1525
1530 1526
1530 1523
1530 1526
1530 1528
1530 1523
1530 1523
1530 1525
1530 1527
1540 1533
1540 1534
1540 1531
1540 1536
1540 1534
1540 1535
1540 1531
1540 1536
1540 1534
1540 1530
1540 1536
1540 1538
1540 1535
1540 1531
1540 1535
1540 1535
1540 1536
1540 1534
1540 1531
1540 1534
1540 1535
1540 1535
1540 1534
1540 1534
1540 1533
1540 1535
1540 1536
1540 1534
1540 1533
1540 1535
1540 1534
1540 1537
1540 1526
1540 1534
1540 1535
1540 1533
1540 1532
1540 1535
1540 1536
1540 1533
1540 1536
1540 1535
1540 1529
1540 1534
1540 1532
1540 1534
1540 1535
1540 1535
1540 1534
1540 1534
1550 1544
1550 1545
1550 1543
1550 1543
1550 1543
1550 1543
1550 1547
1550 1546
1550 1542
1550 1544
1550 1541
1550 1543
1550 1546
1550 1546
1550 1545
1550 1541
1550 1544
1550 1545
1550 1546
1550 1544
1550 1544
1550 1545
1550 1541
1550 1542
1550 1548
1550 1547
1550 1546
1550 1544
1550 1542
1550 1542
1550 1543
1550 1542
1550 1547
1550 1544
1550 1545
1550 1542
1550 1542
1550 1544
1550 1545
1550 1544
1550 1543
1550 1545
1550 1549
1550 1545
1550 1542
1550 1545
1550 1544
1550 1546
1550 1542
1550 1546
1560 1556
1560 1555
1560 1556
1560 1555
1560 1554
1560 1554
1560 1557
1560 1558
1560 1556
1560 1554
1560 1551
1560 1555
1560 1552
1560 1552
1560 1558
1560 1552
1560 1555
1560 1555
1560 1555
1560 1555
1560 1557
1560 1557
1560 1550
1560 1550
1560 1557
1560 1558
1560 1556
1560 1558
1560 1555
1560 1557
1560 1556
1560 1556
1560 1553
1560 1553
1560 1554
1560 1553
1560 1553
1560 1552
1560 1557
1560 1555
1560 1549
1560 1554
1560 1553
1560 1553
1560 1556
1560 1556
1560 1553
1560 1551
1560 1553
1560 1555
1570 1565
1570 1567
1570 1563
1570 1566
1570 1565
1570 1565
1570 1566
1570 1566
1570 1565
1570 1560
1570 1566
1570 1567
1570 1564
1570 1562
1570 1565
1570 1565
1570 1562
1570 1564
1570 1561
1570 1565
1570 1566
1570 1564
1570 1560
1570 1568
1570 1566
1570 1568
1570 1565
1570 1567
1570 1564
1570 1565
1570 1564
1570 1568
1570 1564
1570 1563
1570 1563
1570 1563
1570 1561
1570 1566
1570 1566
1570 1566
1570 1566
1570 1566
1570 1567
1570 1564
1570 1563
1570 1565
1570 1563
1570 1562
1570 1567
1570 1563
1580 1577
1580 1575
1580 1571
1580 1579
1580 1574
1580 1575
1580 1574
1580 1571
1580 1574
1580 1571
1580 1577
1580 1573
1580 1572
1580 1574
1580 1573
1580 1573
1580 1578
1580 1578
1580 1575
1580 1572
1580 1577
1580 1577
1580 1578
1580 1573
1580 1573
1580 1573
1580 1573
1580 1570
1580 1579
1580 1573
1580 1574
1580 1573
1580 1573
1580 1571
1580 1575
1580 1575
1580 1575
1580 1573
1580 1577
1580 1577
1580 1575
1580 1578
1580 1575
1580 1573
1580 1575
1580 1576
1580 1575
1580 1571
1580 1570
1580 1577
1590 1586
1590 1584
1590 1583
1590 1585
1590 1587
1590 1586
1590 1583
1590 1583
1590 1583
1590 1583
1590 1582
1590 1583
1590 1587
1590 1587
1590 1583
1590 1583
1590 1585
1590 1580
1590 1582
1590 1585
1590 1585
1590 1589
1590 1582
1590 1584
1590 1585
1590 1583
1590 1585
1590 1585
1590 1586
1590 1585
1590 1584
1590 1584
1590 1583
1590 1586
1590 1583
1590 1585
1590 1584
1590 1584
1590 1587
1590 1583
1590 1585
1590 1586
1590 1587
1590 1583
1590 1580
1590 1582
1590 1585
1590 1582
1590 1583
1590 1586
1600 1594
1600 1593
1600 1594
1600 1593
1600 1595
1600 1594
1600 1595
1600 1597
1600 1596
1600 1598
1600 1591
1600 1595
1600 1597
1600 1591
1600 1594
1600 1596
1600 1594
1600 1594
1600 1596
1600 1594
1600 1596
1600 1592
1600 1594
1600 1597
1600 1592
1600 1596
1600 1592
1600 1596
1600 1593
1600 1597
1600 1593
1600 1596
1600 1594
1600 1590
1600 1594
1600 1593
1600 1589
1600 1597
1600 1598
1600 1591
1600 1593
1600 1594
1600 1593
1600 1594
1600 1594
1600 1593
1600 1596
1600 1595
1600 1597
1600 1591
1610 1606
1610 1604
1610 1604
1610 1602
1610 1603
1610 1605
1610 1604
1610 1602
1610 1605
1610 1604
1610 1600
1610 1604
1610 1605
1610 1603
1610 1605
1610 1606
1610 1606
1610 1605
1610 1607
1610 1607
1610 1606
1610 1605
1610 1606
1610 1602
1610 1604
1610 1606
1610 1604
1610 1602
1610 1605
1610 1607
1610 1602
1610 1599
1610 1604
1610 1601
1610 1601
1610 1604
1610 1604
1610 1602
1610 1607
1610 1607
1610 1608
1610 1602
1610 1604
1610 1606
1610 1605
1610 1602
1610 1606
1610 1603
1610 1604
1610 1605
1620 1614
1620 1613
1620 1616
1620 1616
1620 1613
1620 1614
1620 1611
1620 1611
1620 1614
1620 1611
1620 1616
1620 1617
1620 1614
1620 1608
1620 1613
1620 1614
1620 1614
1620 1614
1620 1610
1620 1612
1620 1612
1620 1615
1620 1615
1620 1616
1620 1613
1620 1616
1620 1616
1620 1617
1620 1619
1620 1612
1620 1615
1620 1613
1620 1609
1620 1615
1620 1614
1620 1613
1620 1616
1620 1616
1620 1612
1620 1614
1620 1613
1620 1616
1620 1613
1620 1616
1620 1616
1620 1616
1620 1615
1620 1616
1620 1617
1620 1617
1630 1621
1630 1624
1630 1624
1630 1628
1630 1622
1630 1625
1630 1625
1630 1626
1630 1627
1630 1627
1630 1627
1630 1622
1630 1621
1630 1626
1630 1625
1630 1629
1630 1626
1630 1621
1630 1627
1630 1623
1630 1622
1630 1626
1630 1620
1630 1622
1630 1623
1630 1623
1630 1623
1630 1623
1630 1624
1630 1624
1630 1628
1630 1626
1630 1626
1630 1622
1630 1621
1630 1620
1630 1627
1630 1627
1630 1625
1630 1624
1630 1625
1630 1627
1630 1628
1630 1622
1630 1620
1630 1623
1630 1624
1630 1626
1630 1626
1630 1626
1640 1637
1640 1634
1640 1635
1640 1634
1640 1634
1640 1634
1640 1631
1640 1633
1640 1633
1640 1637
1640 1637
1640 1633
1640 1634
1640 1633
1640 1635
1640 1635
1640 1633
1640 1634
1640 1635
1640 1635
1640 1636
1640 1634
1640 1637
1640 1633
1640 1634
1640 1635
1640 1635
1640 1636
1640 1633
1640 1637
1640 1636
1640 1635
1640 1630
1640 1634
1640 1636
1640 1633
1640 1633
1640 1635
1640 1637
1640 1634
1640 1634
1640 1637
1640 1635
1640 1637
1640 1633
1640 1636
1640 1636
1640 1632
1640 1637
1640 1633
1650 1644
1650 1645
1650 1646
1650 1642
1650 1646
1650 1644
1650 1645
1650 1645
1650 1646
1650 1647
1650 1644
1650 1643
1650 1642
1650 1646
1650 1646
1650 1644
1650 1640
1650 1646
1650 1647
1650 1644
1650 1645
1650 1646
1650 1646
1650 1643
1650 1644
1650 1642
1650 1646
1650 1645
1650 1645
1650 1648
1650 1647
1650 1642
1650 1645
1650 1647
1650 1644
1650 1645
1650 1641
1650 1645
1650 1646
1650 1646
1650 1646
1650 1641
1650 1644
1650 1644
1650 1645
1650 1646
1650 1645
1650 1647
1650 1647
1650 1642
1660 1652
1660 1651
1660 1653
1660 1656
1660 1657
1660 1652
1660 1653
1660 1656
1660 1656
1660 1651
1660 1650
1660 1653
1660 1657
1660 1654
1660 1655
1660 1656
1660 1653
1660 1655
1660 1653
1660 1654
1660 1654
1660 1654
1660 1656
1660 1655
1660 1656
1660 1649
1660 1651
1660 1654
1660 1653
1660 1654
1660 1656
1660 1655
1660 1651
1660 1656
1660 1652
1660 1654
1660 1653
1660 1657
1660 1655
1660 1656
1660 1658
1660 1654
1660 1657
1660 1652
1660 1657
1660 1654
1660 1654
1660 1650
1660 1658
1660 1657
1670 1662
1670 1665
1670 1664
1670 1668
1670 1665
1670 1666
1670 1664
1670 1663
1670 1666
1670 1668
1670 1662
1670 1662
1670 1665
1670 1666
1670 1662
1670 1665
1670 1666
1670 1663
1670 1663
1670 1663
1670 1666
1670 1664
1670 1664
1670 1662
1670 1665
1670 1664
1670 1663
1670 1661
1670 1668
1670 1666
1670 1665
1670 1664
1670 1666
1670 1665
1670 1664
1670 1665
1670 1664
1670 1667
1670 1664
1670 1668
1670 1665
1670 1664
1670 1665
1670 1664
1670 1665
1670 1663
1670 1666
1670 1664
1670 1663
1670 1666
1680 1673
1680 1678
1680 1675
1680 1676
1680 1677
1680 1674
1680 1679
1680 1674
1680 1676
1680 1676
1680 1670
1680 1676
1680 1673
1680 1675
1680 1674
1680 1674
1680 1672
1680 1676
1680 1675
1680 1676
1680 1676
1680 1672
1680 1674
1680 1673
1680 1677
1680 1676
1680 1674
1680 1673
1680 1672
1680 1675
1680 1675
1680 1677
1680 1677
1680 1672
1680 1672
1680 1673
1680 1675
1680 1672
1680 1677
1680 1676
1680 1675
1680 1676
1680 1677
1680 1672
1680 1675
1680 1673
1680 1677
1680 1677
1680 1674
1680 1676
1690 1680
1690 1684
1690 1686
1690 1686
1690 1685
1690 1685
1690 1683
1690 1686
1690 1687
1690 1684
1690 1682
1690 1687
1690 1688
1690 1682
1690 1685
1690 1683
1690 1679
1690 1685
1690 1687
1690 1688
1690 1685
1690 1686
1690 1685
1690 1683
1690 1683
1690 1687
1690 1687
1690 1682
1690 1684
1690 1684
1690 1686
1690 1683
1690 1685
1690 1684
1690 1686
1690 1686
1690 1682
1690 1682
1690 1687
1690 1686
1690 1686
1690 1685
1690 1686
1690 1683
1690 1683
1690 1683
1690 1683
1690 1687
1690 1685
1690 1684
1700 1694
1700 1696
1700 1696
1700 1694
1700 1693
1700 1696
1700 1695
1700 1696
1700 1692
1700 1695
1700 1695
1700 1696
1700 1694
1700 1694
1700 1691
1700 1697
1700 1695
1700 1697
1700 1692
1700 1697
1700 1695
1700 1693
1700 1692
1700 1695
1700 1694
1700 1692
1700 1691
1700 1693
1700 1694
1700 1696
1700 1692
1700 1694
1700 1694
1700 1694
1700 1692
1700 1695
1700 1696
1700 1699
1700 1694
1700 1697
1700 1693
1700 1694
1700 1697
1700 1694
1700 1695
1700 1693
1700 1695
1700 1691
1700 1695
1700 1693
1710 1706
1710 1706
1710 1705
1710 1703
1710 1704
1710 1705
1710 1705
1710 1706
1710 1700
1710 1698
1710 1706
1710 1705
1710 1705
1710 1700
1710 1705
1710 1706
1710 1704
1710 1703
1710 1706
1710 1702
1710 1704
1710 1706
1710 1703
1710 1707
1710 1704
1710 1706
1710 1708
1710 1705
1710 1700
1710 1702
1710 1700
1710 1702
1710 1706
1710 1703
1710 1705
1710 1703
1710 1695
1710 1706
1710 1701
1710 1705
1710 1701
1710 1705
1710 1707
1710 1707
1710 1703
1710 1705
1710 1704
1710 1702
1710 1703
1710 1707
1720 1716
1720 1715
1720 1718
1720 1718
1720 1716
1720 1714
1720 1716
1720 1714
1720 1715
1720 1716
1720 1710
1720 1713
1720 1712
1720 1706
1720 1716
1720 1713
1720 1714
1720 1711
1720 1715
1720 1715
1720 1714
1720 1717
1720 1710
1720 1712
1720 1716
1720 1716
1720 1712
1720 1716
1720 1714
1720 1718
1720 1712
1720 1715
1720 1716
1720 1713
1720 1710
1720 1711
1720 1716
1720 1718
1720 1715
1720 1712
1720 1716
1720 1714
1720 1715
1720 1711
1720 1715
1720 1714
1720 1712
1720 1717
1720 1712
1720 1715
1730 1723
1730 1721
1730 1725
1730 1726
1730 1726
1730 1722
1730 1724
1730 1727
1730 1725
1730 1725
1730 1725
1730 1724
1730 1726
1730 1726
1730 1724
1730 1720
1730 1718
1730 1721
1730 1724
1730 1726
1730 1722
1730 1728
1730 1725
1730 1727
1730 1728
1730 1722
1730 1723
1730 1725
1730 1727
1730 1722
1730 1722
1730 1723
1730 1722
1730 1725
1730 1728
1730 1725
1730 1728
1730 1726
1730 1724
1730 1726
1730 1723
1730 1721
1730 1724
1730 1725
1730 1726
1730 1720
1730 1723
1730 1726
1730 1722
1730 1724
1740 1735
1740 1737
1740 1733
1740 1737
1740 1734
1740 1736
1740 1729
1740 1734
1740 1733
1740 1737
1740 1734
1740 1734
1740 1736
1740 1734
1740 1737
1740 1736
1740 1733
1740 1732
1740 1727
1740 1736
1740 1731
1740 1734
1740 1738
1740 1735
1740 1736
1740 1729
1740 1738
1740 1735
1740 1735
1740 1737
1740 1729
1740 1734
1740 1731
1740 1734
1740 1735
1740 1732
1740 1736
1740 1734
1740 1735
1740 1733
1740 1736
1740 1732
1740 1732
1740 1732
1740 1736
1740 1735
1740 1734
1740 1732
1740 1730
1740 1737
1750 1742
1750 1743
1750 1743
1750 1746
1750 1748
1750 1744
1750 1743
1750 1748
1750 1746
1750 1741
1750 1743
1750 1747
1750 1747
1750 1745
1750 1744
1750 1743
1750 1743
1750 1745
1750 1746
1750 1746
1750 1745
1750 1745
1750 1745
1750 1744
1750 1749
1750 1744
1750 1743
1750 1743
1750 1747
1750 1744
1750 1744
1750 1746
1750 1742
1750 1745
1750 1747
1750 1744
1750 1747
1750 1747
1750 1742
1750 1747
1750 1747
1750 1745
1750 1742
1750 1745
1750 1746
1750 1747
1750 1747
1750 1745
1750 1741
1750 1744
1760 1757
1760 1755
1760 1754
1760 1756
1760 1751
1760 1752
1760 1753
1760 1754
1760 1752
1760 1754
1760 1754
1760 1756
1760 1757
1760 1749
1760 1749
1760 1754
1760 1753
1760 1757
1760 1755
1760 1754
1760 1755
1760 1758
1760 1756
1760 1754
1760 1752
1760 1754
1760 1754
1760 1758
1760 1755
1760 1753
1760 1751
1760 1754
1760 1750
1760 1755
1760 1757
1760 1755
1760 1751
1760 1757
1760 1754
1760 1751
1760 1754
1760 1750
1760 1755
1760 1753
1760 1755
1760 1747
1760 1751
1760 1756
1760 1752
1760 1757
1770 1767
1770 1763
1770 1764
1770 1763
1770 1765
1770 1764
1770 1764
1770 1767
1770 1764
1770 1763
1770 1763
1770 1767
1770 1766
1770 1765
1770 1763
1770 1766
1770 1766
1770 1766
1770 1762
1770 1765
1770 1767
1770 1765
1770 1763
1770 1766
1770 1764
1770 1759
1770 1765
1770 1763
1770 1765
1770 1768
1770 1765
1770 1764
1770 1767
1770 1766
1770 1764
1770 1765
1770 1766
1770 1763
1770 1763
1770 1765
1770 1765
1770 1765
1770 1767
1770 1765
1770 1765
1770 1759
1770 1764
1770 1767
1770 1765
1770 1766
1780 1776
1780 1775
1780 1774
1780 1778
1780 1769
1780 1776
1780 1772
1780 1776
1780 1776
1780 1770
1780 1776
1780 1776
1780 1777
1780 1774
1780 1771
1780 1776
1780 1775
1780 1773
1780 1777
1780 1774
1780 1776
1780 1775
1780 1773
1780 1777
1780 1776
1780 1772
1780 1769
1780 1774
1780 1771
1780 1777
1780 1774
1780 1776
1780 1774
1780 1774
1780 1776
1780 1772
1780 1776
1780 1772
1780 1774
1780 1774
1780 1773
1780 1774
1780 1775
1780 1774
1780 1772
1780 1774
1780 1776
1780 1775
1780 1777
1780 1773
1790 1788
1790 1785
1790 1785
1790 1784
1790 1785
1790 1783
1790 1783
1790 1785
1790 1788
1790 1784
1790 1784
1790 1783
1790 1783
1790 1787
1790 1786
1790 1785
1790 1785
1790 1784
1790 1783
1790 1782
1790 1782
1790 1785
1790 1787
1790 1786
1790 1784
1790 1783
1790 1781
1790 1784
1790 1786
1790 1786
1790 1785
1790 1784
1790 1787
1790 1785
1790 1784
1790 1782
1790 1788
1790 1786
1790 1786
1790 1784
1790 1785
1790 1783
1790 1782
1790 1786
1790 1785
1790 1784
1790 1785
1790 1785
1790 1787
1790 1780
1800 1795
1800 1795
1800 1796
1800 1795
1800 1789
1800 1793
1800 1791
1800 1792
1800 1793
1800 1794
1800 1798
1800 1796
1800 1797
1800 1792
1800 1794
1800 1790
1800 1799
1800 1796
1800 1791
1800 1794
1800 1794
1800 1795
1800 1792
1800 1796
1800 1793
1800 1794
1800 1795
1800 1789
1800 1795
1800 1798
1800 1795
1800 1794
1800 1789
1800 1797
1800 1795
1800 1794
1800 1794
1800 1796
1800 1794
1800 1797
1800 1793
1800 1795
1800 1797
1800 1798
1800 1791
1800 1796
1800 1792
1800 1791
1800 1793
1800 1792
1810 1800
1810 1804
1810 1802
1810 1801
1810 1799
1810 1807
1810 1807
1810 1805
1810 1806
1810 1803
1810 1805
1810 1805
1810 1807
1810 1806
1810 1802
1810 1804
1810 1806
1810 1800
1810 1802
1810 1803
1810 1803
1810 1805
1810 1802
1810 1801
1810 1803
1810 1806
1810 1802
1810 1806
1810 1807
1810 1805
1810 1809
1810 1802
1810 1802
1810 1803
1810 1809
1810 1808
1810 1807
1810 1803
1810 1805
1810 1803
1810 1805
1810 1806
1810 1803
1810 1804
1810 1806
1810 1803
1810 1801
1810 1804
1810 1802
1810 1804
1820 1815
1820 1811
1820 1812
1820 1811
1820 1816
1820 1812
1820 1817
1820 1811
1820 1810
1820 1811
1820 1817
1820 1816
1820 1813
1820 1810
1820 1817
1820 1817
1820 1815
1820 1815
1820 1815
1820 1815
1820 1812
1820 1812
1820 1814
1820 1810
1820 1814
1820 1812
1820 1811
1820 1815
1820 1814
1820 1814
1820 1812
1820 1813
1820 1812
1820 1815
1820 1807
1820 1815
1820 1812
1820 1817
1820 1811
1820 1814
1820 1815
1820 1815
1820 1816
1820 1807
1820 1814
1820 1815
1820 1815
1820 1815
1820 1814
1820 1816
1830 1826
1830 1826
1830 1823
1830 1827
1830 1823
1830 1821
1830 1822
1830 1824
1830 1826
1830 1824
1830 1822
1830 1827
1830 1821
1830 1823
1830 1825
1830 1822
1830 1823
1830 1825
1830 1828
1830 1824
1830 1825
1830 1826
1830 1827
1830 1824
1830 1823
1830 1827
1830 1826
1830 1824
1830 1823
1830 1821
1830 1825
1830 1825
1830 1826
1830 1825
1830 1825
1830 1824
1830 1824
1830 1824
1830 1824
1830 1823
1830 1827
1830 1826
1830 1822
1830 1823
1830 1828
1830 1821
1830 1821
1830 1827
1830 1820
1830 1824
1840 1830
1840 1837
1840 1834
1840 1835
1840 1830
1840 1831
1840 1830
1840 1837
1840 1836
1840 1833
1840 1835
1840 1833
1840 1836
1840 1833
1840 1834
1840 1831
1840 1837
1840 1837
1840 1834
1840 1835
1840 1836
1840 1834
1840 1837
1840 1836
1840 1835
1840 1834
1840 1834
1840 1833
1840 1836
1840 1833
1840 1837
1840 1832
1840 1836
1840 1836
1840 1836
1840 1838
1840 1834
1840 1833
1840 1834
1840 1838
1840 1831
1840 1835
1840 1834
1840 1832
1840 1836
1840 1833
1840 1836
1840 1836
1840 1835
1840 1830
1850 1846
1850 1844
1850 1845
1850 1842
1850 1846
1850 1842
1850 1846
1850 1845
1850 1844
1850 1845
1850 1847
1850 1844
1850 1842
1850 1844
1850 1841
1850 1847
1850 1844
1850 1846
1850 1847
1850 1845
1850 1847
1850 1849
1850 1846
1850 1843
1850 1845
1850 1843
1850 1840
1850 1843
1850 1845
1850 1843
1850 1848
1850 1842
1850 1846
1850 1840
1850 1843
1850 1842
1850 1842
1850 1848
1850 1839
1850 1845
1850 1846
1850 1843
1850 1842
1850 1847
1850 1844
1850 1844
1850 1845
1850 1845
1850 1846
1850 1845
1860 1851
1860 1857
1860 1856
1860 1858
1860 1854
1860 1855
1860 1853
1860 1853
1860 1857
1860 1853
1860 1855
1860 1855
1860 1855
1860 1855
1860 1854
1860 1854
1860 1854
1860 1855
1860 1857
1860 1856
1860 1852
1860 1850
1860 1853
1860 1854
1860 1852
1860 1856
1860 1853
1860 1855
1860 1855
1860 1858
1860 1856
1860 1853
1860 1853
1860 1852
1860 1855
1860 1854
1860 1853
1860 1853
1860 1853
1860 1850
1860 1852
1860 1851
1860 1857
1860 1854
1860 1852
1860 1853
1860 1854
1860 1856
1860 1853
1860 1855
1870 1866
1870 1865
1870 1859
1870 1864
1870 1864
1870 1861
1870 1863
1870 1862
1870 1865
1870 1865
1870 1867
1870 1869
1870 1866
1870 1859
1870 1865
1870 1865
1870 1866
1870 1865
1870 1865
1870 1860
1870 1864
1870 1863
1870 1861
1870 1865
1870 1862
1870 1866
1870 1865
1870 1866
1870 1866
1870 1866
1870 1864
1870 1865
1870 1864
1870 1862
1870 1862
1870 1867
1870 1866
1870 1866
1870 1863
1870 1867
1870 1862
1870 1865
1870 1864
1870 1861
1870 1864
1870 1864
1870 1859
1870 1868
1870 1863
1870 1866
1880 1876
1880 1874
1880 1873
1880 1875
1880 1877
1880 1872
1880 1877
1880 1874
1880 1874
1880 1871
1880 1874
1880 1872
1880 1876
1880 1872
1880 1872
1880 1874
1880 1873
1880 1872
1880 1875
1880 1871
1880 1872
1880 1874
1880 1876
1880 1872
1880 1873
1880 1873
1880 1877
1880 1874
1880 1874
1880 1873
1880 1873
1880 1875
1880 1874
1880 1874
1880 1871
1880 1877
1880 1874
1880 1874
1880 1869
1880 1871
1880 1873
1880 1876
1880 1877
1880 1875
1880 1877
1880 1876
1880 1873
1880 1871
1880 1878
1880 1870
1890 1885
1890 1888
1890 1881
1890 1884
1890 1885
1890 1888
1890 1886
1890 1881
1890 1887
1890 1882
1890 1884
1890 1882
1890 1882
1890 1886
1890 1881
1890 1886
1890 1884
1890 1884
1890 1881
1890 1883
1890 1885
1890 1887
1890 1882
1890 1885
1890 1886
1890 1887
1890 1884
1890 1883
1890 1885
1890 1888
1890 1883
1890 1879
1890 1884
1890 1887
1890 1885
1890 1884
1890 1884
1890 1884
1890 1888
1890 1883
1890 1886
1890 1882
1890 1886
1890 1886
1890 1883
1890 1882
1890 1885
1890 1884
1890 1880
1890 1885
1900 1895
1900 1892
1900 1894
1900 1894
1900 1889
1900 1894
1900 1896
1900 1894
1900 1894
1900 1893
1900 1894
1900 1895
1900 1897
1900 1895
1900 1891
1900 1889
1900 1894
1900 1895
1900 1893
1900 1894
1900 1894
1900 1896
1900 1892
1900 1894
1900 1893
1900 1890
1900 1893
1900 1897
1900 1898
1900 1898
1900 1891
1900 1893
1900 1895
1900 1896
1900 1888
1900 1896
1900 1893
1900 1894
1900 1894
1900 1892
1900 1896
1900 1896
1900 1892
1900 1892
1900 1891
1900 1894
1900 1895
1900 1892
1900 1893
1900 1897
1910 1901
1910 1903
1910 1907
1910 1904
1910 1902
1910 1903
1910 1905
1910 1900
1910 1907
1910 1900
1910 1904
1910 1907
1910 1902
1910 1905
1910 1904
1910 1905
1910 1903
1910 1906
1910 1904
1910 1906
1910 1905
1910 1905
1910 1900
1910 1905
1910 1900
1910 1905
1910 1902
1910 1904
1910 1906
1910 1903
1910 1907
1910 1906
1910 1907
1910 1905
1910 1903
1910 1906
1910 1904
1910 1902
1910 1905
1910 1897
1910 1902
1910 1907
1910 1904
1910 1904
1910 1905
1910 1905
1910 1904
1910 1903
1910 1905
1910 1905
1920 1917
1920 1916
1920 1911
1920 1916
1920 1917
1920 1917
1920 1916
1920 1913
1920 1917
1920 1914
1920 1916
1920 1910
1920 1913
1920 1915
1920 1913
1920 1914
1920 1913
1920 1915
1920 1915
1920 1911
1920 1915
1920 1915
1920 1916
1920 1915
1920 1914
1920 1915
1920 1917
1920 1911
1920 1909
1920 1914
1920 1918
1920 1911
1920 1910
1920 1911
1920 1908
1920 1913
1920 1915
1920 1916
1920 1913
1920 1916
1920 1913
1920 1912
1920 1910
1920 1915
1920 1914
1920 1914
1920 1912
1920 1912
1920 1915
1920 1913
1930 1922
1930 1923
1930 1924
1930 1921
1930 1922
1930 1927
1930 1926
1930 1922
1930 1925
1930 1921
1930 1923
1930 1921
1930 1926
1930 1923
1930 1923
1930 1923
1930 1924
1930 1923
1930 1924
1930 1926
1930 1924
1930 1924
1930 1920
1930 1923
1930 1926
1930 1924
1930 1923
1930 1924
1930 1926
1930 1924
1930 1924
1930 1921
1930 1925
1930 1922
1930 1924
1930 1926
1930 1928
1930 1928
1930 1921
1930 1924
1930 1925
1930 1929
1930 1924
1930 1924
1930 1925
1930 1924
1930 1923
1930 1926
1930 1925
1930 1926
1940 1934
1940 1935
1940 1934
1940 1932
1940 1934
1940 1934
1940 1934
1940 1936
1940 1933
1940 1931
1940 1936
1940 1934
1940 1933
1940 1933
1940 1936
1940 1934
1940 1929
1940 1933
1940 1931
1940 1933
1940 1935
1940 1935
1940 1936
1940 1934
1940 1937
1940 1935
1940 1934
1940 1933
1940 1935
1940 1936
1940 1931
1940 1933
1940 1936
1940 1934
1940 1933
1940 1935
1940 1935
1940 1934
1940 1934
1940 1936
1940 1933
1940 1932
1940 1931
1940 1933
1940 1934
1940 1937
1940 1931
1940 1934
1940 1935
1940 1935
1950 1943
1950 1948
1950 1945
1950 1946
1950 1948
1950 1945
1950 1944
1950 1942
1950 1945
1950 1942
1950 1942
1950 1945
1950 1943
1950 1946
1950 1943
1950 1947
1950 1943
1950 1941
1950 1949
1950 1943
1950 1946
1950 1940
1950 1942
1950 1943
1950 1944
1950 1947
1950 1944
1950 1946
1950 1946
1950 1946
1950 1942
1950 1940
1950 1945
1950 1942
1950 1944
1950 1943
1950 1944
1950 1947
1950 1946
1950 1948
1950 1943
1950 1944
1950 1949
1950 1941
1950 1946
1950 1943
1950 1942
1950 1943
1950 1945
1950 1942
1960 1957
1960 1953
1960 1953
1960 1957
1960 1951
1960 1956
1960 1953
1960 1955
1960 1955
1960 1956
1960 1955
1960 1955
1960 1952
1960 1956
1960 1956
1960 1952
1960 1953
1960 1950
1960 1956
1960 1950
1960 1955
1960 1955
1960 1955
1960 1952
1960 1954
1960 1956
1960 1954
1960 1957
1960 1958
1960 1949
1960 1952
1960 1953
1960 1955
1960 1953
1960 1952
1960 1956
1960 1953
1960 1952
1960 1954
1960 1953
1960 1953
1960 1955
1960 1957
1960 1950
1960 1954
1960 1955
1960 1951
1960 1954
1960 1954
1960 1954
1970 1961
1970 1964
1970 1962
1970 1962
1970 1965
1970 1967
1970 1964
1970 1964
1970 1967
1970 1967
1970 1967
1970 1964
1970 1967
1970 1962
1970 1964
1970 1966
1970 1964
1970 1965
1970 1961
1970 1966
1970 1963
1970 1965
1970 1966
1970 1957
1970 1962
1970 1968
1970 1967
1970 1964
1970 1967
1970 1966
1970 1965
1970 1966
1970 1963
1970 1967
1970 1962
1970 1966
1970 1965
1970 1962
1970 1967
1970 1964
1970 1964
1970 1966
1970 1966
1970 1965
1970 1963
1970 1967
1970 1960
1970 1963
1970 1965
1970 1961
1980 1975
1980 1976
1980 1974
1980 1971
1980 1972
1980 1976
1980 1973
1980 1973
1980 1977
1980 1977
1980 1976
1980 1977
1980 1975
1980 1973
1980 1973
1980 1970
1980 1975
1980 1972
1980 1970
1980 1977
1980 1973
1980 1979
1980 1975
1980 1973
1980 1970
1980 1971
1980 1973
1980 1973
1980 1965
1980 1975
1980 1976
1980 1974
1980 1976
1980 1974
1980 1973
1980 1973
1980 1976
1980 1975
1980 1973
1980 1975
1980 1977
1980 1976
1980 1972
1980 1976
1980 1973
1980 1976
1980 1973
1980 1975
1980 1976
1980 1976
1990 1981
1990 1985
1990 1982
1990 1982
1990 1980
1990 1985
1990 1985
1990 1980
1990 1985
1990 1987
1990 1983
1990 1984
1990 1981
1990 1985
1990 1983
1990 1981
1990 1985
1990 1983
1990 1983
1990 1982
1990 1983
1990 1983
1990 1984
1990 1982
1990 1987
1990 1985
1990 1985
1990 1979
1990 1986
1990 1982
1990 1982
1990 1982
1990 1984
1990 1983
1990 1979
1990 1988
1990 1980
1990 1984
1990 1984
1990 1986
1990 1983
1990 1982
1990 1978
1990 1985
1990 1985
1990 1986
1990 1985
1990 1981
1990 1981
1990 1984
2000 1996
2000 1990
2000 1993
2000 1992
2000 1995
2000 1996
2000 1999
2000 1999
2000 1994
2000 1995
2000 1994
2000 1994
2000 1996
2000 1997
2000 1992
2000 1996
2000 1997
2000 1996
2000 1994
2000 1995
2000 1997
2000 1993
2000 1995
2000 1993
2000 1997
2000 1995
2000 1991
2000 1996
2000 1995
2000 1991
2000 1996
2000 1995
2000 1995
2000 1994
2000 1994
2000 1996
2000 1993
2000 1996
2000 1991
2000 1993
2000 1994
2000 1990
2000 1994
2000 1995
2000 1996
2000 1998
2000 1996
2000 1995
2000 1995
2000 1992
