10 4
10 5
10 4
10 5
10 4
10 4
10 4
10 5
10 4
10 5
10 3
10 6
10 4
10 4
10 5
10 5
10 3
10 6
10 5
10 6
10 6
10 5
10 4
10 4
10 4
10 4
10 6
10 4
10 4
10 5
10 4
10 5
10 4
10 7
10 4
10 4
10 4
10 4
10 4
10 5
10 4
10 3
10 3
10 4
10 4
10 4
10 5
10 4
10 5
10 4
20 6
20 7
20 6
20 7
20 9
20 7
20 8
20 7
20 7
20 6
20 9
20 6
20 7
20 7
20 6
20 8
20 7
20 8
20 8
20 6
20 6
20 8
20 7
20 7
20 7
20 8
20 6
20 6
20 8
20 6
20 7
20 5
20 7
20 7
20 7
20 9
20 7
20 7
20 6
20 7
20 9
20 8
20 6
20 9
20 6
20 5
20 7
20 6
20 9
20 7
30 9
30 8
30 11
30 6
30 8
30 8
30 7
30 9
30 9
30 8
30 7
30 9
30 11
30 6
30 7
30 9
30 6
30 9
30 9
30 9
30 9
30 9
30 9
30 7
30 7
30 8
30 8
30 7
30 10
30 10
30 7
30 7
30 9
30 8
30 8
30 8
30 10
30 8
30 7
30 8
30 7
30 7
30 7
30 7
30 7
30 8
30 8
30 7
30 12
30 11
40 8
40 8
40 9
40 7
40 10
40 9
40 8
40 11
40 9
40 9
40 9
40 9
40 10
40 10
40 9
40 8
40 8
40 11
40 9
40 8
40 8
40 9
40 10
40 10
40 9
40 8
40 8
40 8
40 8
40 9
40 9
40 11
40 7
40 9
40 10
40 10
40 12
40 8
40 9
40 8
40 10
40 10
40 9
40 10
40 9
40 10
40 10
40 10
40 9
40 8
50 8
50 10
50 11
50 10
50 8
50 11
50 8
50 10
50 9
50 12
50 9
50 11
50 10
50 9
50 9
50 11
50 10
50 9
50 10
50 11
50 9
50 10
50 7
50 8
50 9
50 11
50 8
50 15
50 10
50 11
50 12
50 8
50 9
50 9
50 8
50 10
50 8
50 13
50 10
50 9
50 11
50 10
50 9
50 11
50 11
50 8
50 8
50 12
50 10
50 13
60 10
60 11
60 11
60 10
60 9
60 10
60 11
60 9
60 12
60 9
60 11
60 10
60 9
60 10
60 10
60 10
60 8
60 12
60 9
60 10
60 10
60 11
60 11
60 9
60 12
60 8
60 9
60 13
60 7
60 11
60 10
60 12
60 10
60 9
60 11
60 11
60 10
60 9
60 11
60 10
60 10
60 8
60 11
60 12
60 10
60 12
60 13
60 10
60 12
60 9
70 10
70 10
70 11
70 11
70 9
70 11
70 11
70 9
70 11
70 9
70 12
70 16
70 13
70 12
70 11
70 12
70 10
70 10
70 9
70 15
70 9
70 14
70 10
70 11
70 10
70 11
70 11
70 11
70 10
70 9
70 12
70 11
70 12
70 10
70 11
70 11
70 11
70 10
70 11
70 11
70 12
70 12
70 10
70 11
70 11
70 10
70 11
70 13
70 11
70 11
80 16
80 11
80 11
80 11
80 13
80 13
80 11
80 10
80 10
80 11
80 13
80 11
80 10
80 11
80 11
80 11
80 14
80 11
80 11
80 11
80 10
80 10
80 11
80 12
80 11
80 13
80 12
80 12
80 11
80 9
80 12
80 10
80 12
80 11
80 11
80 11
80 11
80 12
80 14
80 11
80 12
80 13
80 11
80 10
80 10
80 10
80 10
80 13
80 12
80 11
90 12
90 11
90 11
90 13
90 14
90 10
90 14
90 12
90 11
90 13
90 12
90 14
90 13
90 14
90 12
90 12
90 14
90 11
90 11
90 12
90 11
90 9
90 10
90 16
90 11
90 12
90 11
90 13
90 13
90 10
90 12
90 14
90 10
90 11
90 10
90 15
90 14
90 11
90 14
90 12
90 10
90 11
90 11
90 13
90 12
90 13
90 12
90 10
90 12
90 11
100 11
100 13
100 12
100 13
100 13
100 13
100 12
100 14
100 14
100 11
100 12
100 11
100 14
100 13
100 11
100 12
100 10
100 12
100 11
100 11
100 13
100 11
100 10
100 12
100 11
100 10
100 12
100 12
100 13
100 12
100 13
100 14
100 11
100 12
100 11
100 11
100 12
100 12
100 12
100 13
100 13
100 12
100 13
100 12
100 10
100 14
100 12
100 15
100 14
100 11
110 13
110 12
110 14
110 15
110 13
110 9
110 14
110 11
110 13
110 15
110 11
110 13
110 13
110 10
110 12
110 12
110 13
110 12
110 12
110 13
110 11
110 10
110 13
110 13
110 12
110 13
110 12
110 11
110 10
110 14
110 12
110 12
110 13
110 14
110 12
110 10
110 14
110 11
110 10
110 13
110 15
110 14
110 15
110 15
110 11
110 12
110 13
110 11
110 13
110 13
120 13
120 13
120 14
120 12
120 12
120 11
120 12
120 11
120 12
120 14
120 16
120 13
120 14
120 12
120 12
120 14
120 11
120 10
120 14
120 15
120 13
120 16
120 11
120 12
120 14
120 11
120 14
120 12
120 10
120 11
120 16
120 14
120 13
120 14
120 12
120 13
120 14
120 13
120 11
120 16
120 14
120 14
120 11
120 14
120 13
120 11
120 15
120 13
120 12
120 14
130 12
130 13
130 12
130 14
130 14
130 12
130 16
130 15
130 13
130 12
130 12
130 14
130 14
130 16
130 12
130 13
130 12
130 15
130 12
130 14
130 12
130 12
130 13
130 12
130 15
130 14
130 14
130 14
130 12
130 12
130 13
130 13
130 13
130 15
130 14
130 12
130 13
130 14
130 11
130 15
130 15
130 12
130 13
130 15
130 12
130 12
130 14
130 14
130 14
130 12
140 12
140 13
140 13
140 15
140 16
140 12
140 14
140 15
140 17
140 15
140 14
140 17
140 11
140 14
140 13
140 16
140 14
140 12
140 17
140 14
140 14
140 15
140 14
140 12
140 9
140 14
140 12
140 12
140 11
140 13
140 14
140 13
140 11
140 15
140 14
140 17
140 13
140 13
140 14
140 16
140 12
140 14
140 15
140 14
140 12
140 12
140 15
140 14
140 12
140 12
150 13
150 16
150 15
150 10
150 14
150 14
150 13
150 13
150 14
150 12
150 15
150 17
150 14
150 12
150 13
150 15
150 13
150 10
150 15
150 14
150 12
150 16
150 15
150 15
150 18
150 12
150 17
150 11
150 11
150 12
150 16
150 12
150 13
150 14
150 15
150 15
150 15
150 16
150 12
150 14
150 16
150 16
150 13
150 12
150 13
150 12
150 13
150 15
150 14
150 14
160 13
160 17
160 16
160 12
160 15
160 14
160 14
160 17
160 14
160 12
160 14
160 12
160 12
160 12
160 13
160 14
160 13
160 15
160 16
160 17
160 14
160 14
160 13
160 13
160 13
160 15
160 15
160 15
160 14
160 14
160 14
160 14
160 13
160 15
160 13
160 14
160 15
160 18
160 14
160 17
160 13
160 13
160 13
160 17
160 12
160 12
160 16
160 15
160 14
160 14
170 16
170 14
170 14
170 13
170 14
170 12
170 14
170 14
170 14
170 13
170 17
170 15
170 15
170 18
170 12
170 17
170 16
170 14
170 13
170 13
170 13
170 17
170 18
170 16
170 14
170 13
170 16
170 15
170 15
170 17
170 13
170 14
170 15
170 13
170 14
170 14
170 16
170 14
170 14
170 17
170 14
170 17
170 13
170 15
170 15
170 14
170 14
170 14
170 13
170 14
180 12
180 14
180 17
180 16
180 14
180 16
180 14
180 14
180 15
180 15
180 14
180 16
180 13
180 13
180 16
180 15
180 15
180 17
180 15
180 16
180 12
180 15
180 15
180 16
180 12
180 16
180 17
180 16
180 14
180 14
180 16
180 16
180 17
180 17
180 16
180 17
180 17
180 13
180 14
180 13
180 15
180 14
180 15
180 13
180 14
180 13
180 13
180 15
180 12
180 15
190 13
190 14
190 14
190 15
190 16
190 13
190 14
190 14
190 13
190 14
190 13
190 17
190 17
190 14
190 12
190 18
190 15
190 17
190 15
190 14
190 15
190 13
190 14
190 12
190 15
190 13
190 15
190 14
190 14
190 15
190 13
190 13
190 14
190 19
190 13
190 17
190 12
190 14
190 15
190 14
190 17
190 13
190 17
190 17
190 17
190 14
190 16
190 14
190 16
190 17
200 15
200 13
200 15
200 17
200 14
200 14
200 15
200 15
200 16
200 14
200 16
200 16
200 16
200 15
200 14
200 17
200 13
200 16
200 14
200 14
200 17
200 14
200 16
200 14
200 14
200 15
200 15
200 16
200 14
200 12
200 16
200 14
200 15
200 14
200 15
200 15
200 18
200 14
200 15
200 14
200 13
200 14
200 16
200 14
200 16
200 13
200 16
200 13
200 14
200 12
210 19
210 17
210 17
210 16
210 13
210 16
210 16
210 15
210 12
210 15
210 13
210 16
210 15
210 16
210 13
210 17
210 18
210 14
210 16
210 18
210 15
210 20
210 15
210 15
210 13
210 17
210 18
210 14
210 12
210 17
210 13
210 17
210 15
210 16
210 15
210 17
210 15
210 16
210 15
210 16
210 14
210 13
210 14
210 13
210 17
210 16
210 13
210 14
210 14
210 14
220 16
220 14
220 17
220 16
220 16
220 15
220 17
220 15
220 18
220 16
220 13
220 16
220 15
220 13
220 15
220 14
220 13
220 15
220 16
220 17
220 13
220 15
220 14
220 17
220 18
220 17
220 12
220 17
220 13
220 15
220 14
220 17
220 16
220 18
220 16
220 15
220 14
220 14
220 12
220 16
220 15
220 16
220 17
220 16
220 15
220 17
220 15
220 18
220 16
220 15
230 16
230 15
230 14
230 17
230 15
230 18
230 13
230 13
230 16
230 15
230 16
230 15
230 16
230 14
230 15
230 17
230 14
230 15
230 20
230 15
230 13
230 14
230 15
230 18
230 15
230 16
230 17
230 14
230 17
230 17
230 15
230 17
230 13
230 13
230 14
230 19
230 14
230 15
230 15
230 16
230 19
230 15
230 17
230 14
230 16
230 18
230 13
230 13
230 16
230 16
240 14
240 14
240 17
240 17
240 14
240 15
240 16
240 14
240 16
240 14
240 14
240 17
240 13
240 15
240 16
240 16
240 16
240 18
240 12
240 15
240 17
240 16
240 15
240 16
240 15
240 17
240 15
240 16
240 12
240 16
240 16
240 14
240 16
240 16
240 16
240 15
240 14
240 15
240 13
240 15
240 16
240 15
240 16
240 16
240 18
240 15
240 15
240 19
240 14
240 15
250 16
250 17
250 15
250 14
250 14
250 16
250 16
250 14
250 14
250 14
250 16
250 16
250 17
250 15
250 15
250 14
250 16
250 16
250 16
250 16
250 13
250 18
250 15
250 17
250 19
250 14
250 15
250 15
250 15
250 14
250 15
250 14
250 16
250 14
250 16
250 18
250 16
250 15
250 15
250 16
250 14
250 14
250 16
250 16
250 15
250 15
250 17
250 16
250 18
250 20
260 15
260 17
260 16
260 14
260 16
260 15
260 18
260 16
260 17
260 13
260 15
260 14
260 16
260 16
260 18
260 18
260 14
260 18
260 14
260 23
260 15
260 16
260 16
260 17
260 21
260 15
260 14
260 15
260 17
260 19
260 16
260 16
260 17
260 17
260 15
260 15
260 17
260 15
260 14
260 18
260 18
260 19
260 17
260 16
260 17
260 15
260 14
260 14
260 15
260 15
270 15
270 15
270 17
270 17
270 15
270 16
270 15
270 15
270 17
270 17
270 15
270 14
270 15
270 13
270 15
270 13
270 15
270 17
270 15
270 17
270 14
270 15
270 15
270 15
270 20
270 15
270 14
270 16
270 13
270 14
270 18
270 16
270 15
270 16
270 16
270 16
270 16
270 15
270 16
270 15
270 15
270 16
270 13
270 16
270 18
270 13
270 16
270 13
270 15
270 14
280 18
280 20
280 16
280 19
280 17
280 16
280 16
280 14
280 14
280 20
280 14
280 18
280 19
280 19
280 18
280 20
280 19
280 18
280 18
280 13
280 19
280 18
280 18
280 16
280 17
280 19
280 16
280 15
280 19
280 17
280 17
280 15
280 14
280 15
280 14
280 16
280 16
280 16
280 16
280 16
280 16
280 17
280 15
280 19
280 16
280 15
280 15
280 19
280 15
280 16
290 19
290 17
290 19
290 14
290 16
290 18
290 16
290 16
290 17
290 20
290 17
290 18
290 18
290 16
290 17
290 16
290 16
290 14
290 19
290 14
290 19
290 16
290 18
290 15
290 14
290 19
290 16
290 14
290 20
290 17
290 20
290 16
290 14
290 15
290 14
290 20
290 16
290 15
290 16
290 16
290 16
290 16
290 15
290 19
290 16
290 16
290 16
290 15
290 19
290 16
300 16
300 13
300 16
300 16
300 15
300 17
300 15
300 16
300 15
300 14
300 18
300 18
300 20
300 19
300 16
300 18
300 17
300 18
300 15
300 17
300 16
300 17
300 16
300 15
300 21
300 16
300 16
300 19
300 13
300 14
300 16
300 17
300 16
300 14
300 20
300 14
300 17
300 15
300 16
300 17
300 19
300 18
300 18
300 18
300 18
300 16
300 17
300 15
300 17
300 14
310 18
310 16
310 17
310 16
310 16
310 15
310 17
310 15
310 17
310 18
310 17
310 18
310 19
310 19
310 16
310 15
310 19
310 17
310 19
310 16
310 16
310 15
310 15
310 16
310 16
310 18
310 16
310 17
310 15
310 16
310 14
310 16
310 14
310 16
310 17
310 18
310 16
310 16
310 16
310 17
310 15
310 14
310 15
310 15
310 15
310 17
310 20
310 17
310 15
310 19
320 15
320 18
320 16
320 16
320 17
320 15
320 18
320 16
320 14
320 16
320 17
320 18
320 14
320 19
320 15
320 15
320 17
320 19
320 15
320 23
320 17
320 15
320 17
320 19
320 17
320 18
320 18
320 21
320 14
320 16
320 15
320 15
320 14
320 15
320 15
320 17
320 16
320 18
320 15
320 18
320 18
320 18
320 15
320 16
320 15
320 17
320 17
320 17
320 15
320 14
330 15
330 15
330 15
330 15
330 18
330 16
330 15
330 17
330 18
330 16
330 19
330 14
330 19
330 17
330 16
330 16
330 19
330 17
330 15
330 17
330 15
330 17
330 17
330 16
330 15
330 17
330 17
330 17
330 17
330 21
330 18
330 17
330 17
330 16
330 15
330 15
330 15
330 15
330 20
330 16
330 21
330 16
330 17
330 20
330 15
330 15
330 14
330 17
330 17
330 16
340 17
340 18
340 17
340 16
340 17
340 14
340 18
340 16
340 19
340 16
340 16
340 18
340 17
340 15
340 18
340 17
340 18
340 16
340 19
340 19
340 16
340 21
340 15
340 17
340 16
340 16
340 17
340 15
340 19
340 16
340 19
340 17
340 15
340 18
340 15
340 21
340 14
340 15
340 19
340 18
340 18
340 20
340 15
340 16
340 16
340 15
340 18
340 15
340 14
340 18
350 23
350 16
350 18
350 17
350 19
350 16
350 16
350 19
350 17
350 17
350 17
350 17
350 21
350 20
350 14
350 18
350 16
350 18
350 14
350 18
350 15
350 16
350 20
350 15
350 18
350 19
350 18
350 21
350 16
350 19
350 18
350 17
350 20
350 16
350 17
350 17
350 16
350 15
350 20
350 14
350 19
350 16
350 15
350 18
350 19
350 19
350 18
350 17
350 17
350 18
360 19
360 18
360 17
360 15
360 20
360 21
360 16
360 18
360 17
360 18
360 20
360 18
360 16
360 17
360 18
360 18
360 21
360 16
360 17
360 19
360 20
360 18
360 14
360 14
360 15
360 16
360 15
360 16
360 22
360 19
360 19
360 17
360 14
360 17
360 17
360 13
360 17
360 17
360 15
360 15
360 18
360 16
360 19
360 16
360 17
360 17
360 19
360 16
360 18
360 15
370 18
370 17
370 17
370 18
370 15
370 20
370 18
370 16
370 16
370 19
370 17
370 18
370 17
370 20
370 19
370 18
370 16
370 19
370 18
370 16
370 16
370 17
370 20
370 18
370 16
370 18
370 16
370 16
370 16
370 16
370 19
370 15
370 17
370 18
370 17
370 15
370 16
370 20
370 19
370 18
370 17
370 17
370 13
370 21
370 16
370 19
370 17
370 17
370 18
370 16
380 19
380 16
380 17
380 17
380 16
380 17
380 18
380 19
380 17
380 16
380 16
380 21
380 16
380 17
380 17
380 16
380 18
380 20
380 15
380 15
380 17
380 16
380 14
380 17
380 17
380 16
380 16
380 16
380 18
380 16
380 20
380 18
380 16
380 16
380 17
380 17
380 15
380 15
380 21
380 15
380 14
380 19
380 19
380 18
380 19
380 17
380 18
380 18
380 16
380 19
390 21
390 17
390 14
390 17
390 17
390 23
390 14
390 16
390 18
390 17
390 17
390 16
390 18
390 16
390 16
390 17
390 14
390 18
390 16
390 18
390 16
390 15
390 15
390 17
390 17
390 19
390 17
390 18
390 19
390 17
390 17
390 17
390 18
390 18
390 20
390 16
390 15
390 16
390 19
390 17
390 19
390 19
390 21
390 23
390 16
390 16
390 17
390 20
390 21
390 15
400 23
400 16
400 17
400 20
400 19
400 15
400 16
400 18
400 15
400 20
400 20
400 16
400 15
400 17
400 19
400 17
400 16
400 14
400 17
400 18
400 20
400 21
400 17
400 17
400 18
400 21
400 17
400 22
400 18
400 19
400 17
400 18
400 19
400 17
400 20
400 18
400 15
400 15
400 18
400 19
400 18
400 18
400 17
400 17
400 16
400 18
400 18
400 15
400 19
400 20
410 17
410 17
410 18
410 17
410 20
410 16
410 18
410 20
410 20
410 19
410 21
410 21
410 16
410 17
410 18
410 16
410 16
410 17
410 16
410 17
410 18
410 16
410 19
410 21
410 15
410 20
410 16
410 14
410 17
410 15
410 20
410 17
410 17
410 18
410 18
410 21
410 19
410 18
410 17
410 19
410 16
410 19
410 17
410 17
410 16
410 16
410 16
410 17
410 19
410 19
420 16
420 17
420 17
420 17
420 18
420 16
420 17
420 16
420 16
420 17
420 17
420 16
420 17
420 16
420 17
420 18
420 19
420 18
420 22
420 19
420 16
420 21
420 21
420 18
420 19
420 17
420 18
420 16
420 16
420 17
420 21
420 15
420 17
420 21
420 19
420 16
420 20
420 18
420 16
420 17
420 14
420 17
420 16
420 22
420 19
420 18
420 15
420 15
420 18
420 16
430 18
430 17
430 17
430 18
430 16
430 22
430 17
430 17
430 18
430 20
430 18
430 16
430 17
430 18
430 18
430 17
430 18
430 16
430 17
430 20
430 17
430 23
430 19
430 18
430 17
430 20
430 18
430 17
430 20
430 17
430 18
430 17
430 18
430 16
430 19
430 18
430 22
430 18
430 18
430 20
430 19
430 21
430 17
430 15
430 19
430 21
430 17
430 15
430 17
430 17
440 16
440 21
440 22
440 17
440 16
440 19
440 18
440 16
440 23
440 16
440 21
440 16
440 17
440 17
440 16
440 17
440 19
440 18
440 17
440 18
440 18
440 16
440 19
440 17
440 18
440 19
440 18
440 19
440 18
440 19
440 18
440 18
440 22
440 18
440 17
440 17
440 15
440 18
440 19
440 18
440 19
440 18
440 16
440 18
440 19
440 20
440 18
440 18
440 18
440 18
450 18
450 16
450 18
450 21
450 17
450 18
450 20
450 16
450 17
450 18
450 20
450 18
450 21
450 18
450 19
450 16
450 16
450 16
450 16
450 15
450 16
450 17
450 15
450 18
450 18
450 17
450 18
450 14
450 18
450 19
450 17
450 16
450 18
450 17
450 18
450 20
450 18
450 21
450 17
450 17
450 17
450 16
450 16
450 23
450 16
450 18
450 17
450 18
450 18
450 15
460 18
460 16
460 21
460 20
460 23
460 16
460 14
460 16
460 16
460 17
460 19
460 17
460 20
460 17
460 20
460 17
460 17
460 20
460 19
460 18
460 17
460 16
460 16
460 18
460 14
460 18
460 20
460 18
460 18
460 16
460 21
460 17
460 18
460 18
460 20
460 19
460 18
460 19
460 17
460 19
460 18
460 18
460 24
460 17
460 17
460 16
460 23
460 16
460 18
460 17
470 23
470 17
470 20
470 18
470 20
470 17
470 16
470 16
470 17
470 18
470 18
470 20
470 20
470 17
470 17
470 18
470 18
470 17
470 16
470 19
470 16
470 17
470 17
470 18
470 19
470 18
470 20
470 17
470 16
470 16
470 16
470 18
470 21
470 16
470 19
470 20
470 17
470 19
470 17
470 17
470 17
470 18
470 21
470 21
470 15
470 21
470 19
470 21
470 17
470 19
480 18
480 19
480 15
480 20
480 16
480 17
480 18
480 18
480 19
480 17
480 18
480 17
480 18
480 19
480 18
480 18
480 15
480 21
480 21
480 18
480 17
480 19
480 16
480 17
480 18
480 16
480 18
480 16
480 18
480 17
480 19
480 15
480 17
480 18
480 16
480 16
480 20
480 19
480 17
480 18
480 19
480 18
480 17
480 21
480 18
480 19
480 17
480 16
480 16
480 17
490 17
490 17
490 18
490 18
490 18
490 19
490 16
490 21
490 17
490 20
490 19
490 18
490 23
490 15
490 19
490 18
490 17
490 18
490 15
490 17
490 18
490 18
490 17
490 16
490 17
490 19
490 18
490 17
490 18
490 20
490 21
490 18
490 22
490 17
490 17
490 20
490 18
490 18
490 16
490 15
490 15
490 21
490 18
490 17
490 18
490 17
490 20
490 17
490 21
490 16
500 15
500 20
500 17
500 21
500 18
500 19
500 18
500 17
500 17
500 16
500 19
500 16
500 17
500 19
500 17
500 19
500 18
500 20
500 22
500 15
500 17
500 18
500 17
500 17
500 21
500 21
500 20
500 16
500 16
500 19
500 19
500 20
500 20
500 18
500 19
500 20
500 19
500 20
500 17
500 21
500 17
500 17
500 18
500 17
500 17
500 20
500 18
500 19
500 19
500 19
510 19
510 18
510 17
510 19
510 21
510 19
510 17
510 18
510 16
510 17
510 20
510 16
510 17
510 18
510 22
510 18
510 16
510 17
510 17
510 20
510 21
510 18
510 17
510 18
510 17
510 19
510 18
510 20
510 19
510 18
510 21
510 17
510 20
510 19
510 18
510 16
510 18
510 17
510 24
510 17
510 18
510 17
510 19
510 18
510 17
510 18
510 19
510 20
510 20
510 16
520 18
520 17
520 19
520 19
520 19
520 16
520 16
520 17
520 15
520 17
520 17
520 19
520 16
520 17
520 17
520 23
520 22
520 15
520 22
520 19
520 19
520 18
520 15
520 20
520 19
520 18
520 18
520 18
520 17
520 20
520 29
520 19
520 18
520 18
520 19
520 17
520 17
520 17
520 19
520 21
520 17
520 17
520 18
520 17
520 18
520 19
520 20
520 17
520 21
520 18
530 18
530 18
530 19
530 16
530 17
530 19
530 19
530 19
530 16
530 21
530 19
530 16
530 17
530 23
530 16
530 19
530 19
530 23
530 18
530 19
530 18
530 20
530 19
530 19
530 16
530 16
530 15
530 18
530 19
530 18
530 18
530 17
530 18
530 18
530 19
530 20
530 20
530 19
530 17
530 16
530 20
530 18
530 19
530 20
530 17
530 21
530 19
530 17
530 18
530 18
540 20
540 17
540 18
540 17
540 21
540 16
540 20
540 19
540 20
540 21
540 21
540 20
540 15
540 16
540 18
540 20
540 19
540 19
540 21
540 15
540 18
540 19
540 18
540 18
540 19
540 18
540 17
540 24
540 19
540 18
540 17
540 18
540 18
540 17
540 21
540 20
540 18
540 22
540 21
540 17
540 18
540 17
540 19
540 18
540 18
540 18
540 19
540 19
540 17
540 18
550 20
550 19
550 19
550 19
550 17
550 17
550 18
550 22
550 19
550 17
550 16
550 18
550 15
550 18
550 19
550 18
550 21
550 19
550 20
550 19
550 19
550 18
550 19
550 18
550 19
550 17
550 20
550 19
550 16
550 18
550 19
550 19
550 20
550 21
550 19
550 18
550 18
550 19
550 17
550 19
550 16
550 21
550 20
550 18
550 17
550 19
550 20
550 22
550 17
550 17
560 17
560 21
560 19
560 19
560 19
560 18
560 18
560 18
560 20
560 20
560 17
560 19
560 18
560 19
560 18
560 18
560 20
560 18
560 20
560 20
560 16
560 22
560 18
560 18
560 24
560 19
560 17
560 18
560 17
560 18
560 19
560 19
560 17
560 18
560 17
560 18
560 19
560 24
560 17
560 18
560 16
560 22
560 23
560 18
560 18
560 20
560 17
560 17
560 19
560 20
570 17
570 19
570 18
570 17
570 17
570 17
570 16
570 20
570 22
570 17
570 16
570 21
570 21
570 18
570 19
570 19
570 17
570 19
570 18
570 17
570 20
570 17
570 19
570 19
570 20
570 19
570 20
570 19
570 20
570 19
570 18
570 20
570 18
570 19
570 16
570 19
570 22
570 19
570 19
570 20
570 18
570 19
570 20
570 17
570 18
570 21
570 18
570 19
570 17
570 21
580 18
580 19
580 22
580 21
580 22
580 22
580 19
580 21
580 17
580 20
580 21
580 18
580 19
580 21
580 20
580 16
580 17
580 17
580 22
580 21
580 18
580 18
580 17
580 18
580 20
580 17
580 21
580 19
580 21
580 18
580 21
580 18
580 16
580 19
580 21
580 18
580 18
580 17
580 19
580 23
580 17
580 18
580 21
580 17
580 22
580 18
580 20
580 19
580 17
580 18
590 18
590 16
590 18
590 17
590 19
590 22
590 20
590 21
590 17
590 18
590 17
590 20
590 18
590 19
590 18
590 18
590 16
590 17
590 21
590 20
590 18
590 20
590 18
590 22
590 19
590 20
590 18
590 20
590 18
590 18
590 19
590 19
590 21
590 16
590 18
590 20
590 18
590 18
590 20
590 21
590 16
590 21
590 19
590 21
590 18
590 19
590 19
590 16
590 18
590 20
600 20
600 16
600 22
600 21
600 17
600 16
600 20
600 20
600 19
600 16
600 18
600 19
600 24
600 20
600 18
600 19
600 20
600 17
600 20
600 20
600 22
600 20
600 19
600 20
600 17
600 20
600 21
600 18
600 19
600 20
600 23
600 19
600 19
600 17
600 16
600 19
600 19
600 17
600 17
600 21
600 16
600 17
600 15
600 18
600 18
600 18
600 19
600 19
600 18
600 19
610 20
610 20
610 21
610 26
610 20
610 18
610 19
610 19
610 21
610 17
610 19
610 18
610 23
610 19
610 18
610 16
610 15
610 21
610 19
610 19
610 19
610 18
610 17
610 19
610 23
610 17
610 18
610 21
610 17
610 21
610 21
610 27
610 19
610 17
610 19
610 17
610 18
610 23
610 20
610 17
610 17
610 17
610 18
610 20
610 18
610 19
610 17
610 18
610 27
610 19
620 20
620 24
620 20
620 19
620 20
620 20
620 19
620 18
620 17
620 18
620 17
620 17
620 18
620 21
620 22
620 19
620 22
620 22
620 18
620 21
620 21
620 19
620 22
620 20
620 19
620 17
620 19
620 18
620 18
620 19
620 21
620 19
620 16
620 17
620 20
620 21
620 19
620 21
620 18
620 21
620 22
620 21
620 20
620 18
620 18
620 21
620 18
620 19
620 18
620 16
630 23
630 20
630 24
630 21
630 20
630 19
630 21
630 20
630 18
630 18
630 21
630 20
630 18
630 18
630 19
630 21
630 24
630 20
630 20
630 19
630 20
630 18
630 20
630 21
630 19
630 18
630 21
630 21
630 19
630 22
630 17
630 19
630 21
630 23
630 19
630 18
630 19
630 16
630 19
630 20
630 20
630 17
630 20
630 18
630 19
630 19
630 21
630 18
630 17
630 18
640 17
640 20
640 18
640 23
640 22
640 21
640 20
640 17
640 20
640 19
640 18
640 19
640 22
640 21
640 22
640 19
640 20
640 18
640 24
640 19
640 19
640 19
640 21
640 19
640 20
640 22
640 21
640 18
640 19
640 22
640 19
640 21
640 16
640 24
640 19
640 17
640 17
640 20
640 21
640 18
640 19
640 22
640 21
640 21
640 17
640 21
640 19
640 23
640 17
640 21
650 18
650 19
650 20
650 21
650 20
650 18
650 19
650 19
650 19
650 19
650 19
650 17
650 22
650 20
650 18
650 17
650 20
650 18
650 22
650 20
650 21
650 19
650 18
650 19
650 18
650 18
650 18
650 26
650 18
650 17
650 18
650 19
650 22
650 18
650 20
650 21
650 19
650 17
650 17
650 23
650 20
650 24
650 18
650 23
650 21
650 22
650 22
650 20
650 21
650 21
660 17
660 18
660 19
660 20
660 21
660 21
660 17
660 17
660 18
660 20
660 19
660 17
660 19
660 23
660 18
660 18
660 19
660 26
660 18
660 21
660 23
660 19
660 19
660 21
660 22
660 18
660 20
660 19
660 21
660 17
660 19
660 21
660 18
660 18
660 19
660 22
660 20
660 22
660 23
660 25
660 18
660 18
660 20
660 19
660 21
660 18
660 18
660 21
660 19
660 18
670 18
670 23
670 20
670 18
670 19
670 20
670 22
670 20
670 18
670 17
670 21
670 19
670 18
670 19
670 20
670 19
670 18
670 24
670 22
670 21
670 17
670 20
670 19
670 20
670 21
670 20
670 21
670 19
670 18
670 18
670 19
670 22
670 17
670 20
670 19
670 18
670 19
670 19
670 18
670 17
670 22
670 20
670 20
670 20
670 22
670 17
670 17
670 20
670 17
670 22
680 23
680 20
680 17
680 19
680 19
680 20
680 22
680 17
680 17
680 19
680 19
680 21
680 20
680 18
680 16
680 19
680 21
680 19
680 23
680 18
680 19
680 19
680 18
680 21
680 18
680 20
680 17
680 19
680 19
680 20
680 19
680 19
680 18
680 19
680 20
680 21
680 21
680 17
680 19
680 17
680 17
680 20
680 21
680 20
680 22
680 20
680 19
680 18
680 19
680 21
690 18
690 20
690 19
690 18
690 22
690 19
690 19
690 19
690 20
690 20
690 18
690 17
690 20
690 19
690 21
690 16
690 19
690 20
690 19
690 20
690 19
690 20
690 18
690 18
690 19
690 22
690 21
690 19
690 18
690 20
690 22
690 21
690 18
690 16
690 21
690 18
690 18
690 16
690 22
690 22
690 19
690 20
690 19
690 20
690 19
690 18
690 18
690 20
690 21
690 19
700 20
700 21
700 20
700 20
700 21
700 19
700 19
700 18
700 20
700 18
700 18
700 20
700 18
700 22
700 20
700 21
700 20
700 17
700 19
700 21
700 23
700 19
700 19
700 22
700 18
700 18
700 19
700 25
700 17
700 21
700 20
700 18
700 20
700 20
700 21
700 19
700 17
700 19
700 19
700 18
700 19
700 22
700 19
700 20
700 19
700 21
700 20
700 20
700 19
700 18
710 18
710 19
710 19
710 17
710 18
710 20
710 20
710 19
710 18
710 18
710 22
710 17
710 18
710 20
710 19
710 19
710 20
710 21
710 22
710 20
710 22
710 19
710 26
710 24
710 20
710 22
710 21
710 19
710 19
710 18
710 19
710 20
710 19
710 21
710 18
710 20
710 19
710 18
710 20
710 17
710 22
710 19
710 21
710 22
710 22
710 18
710 19
710 17
710 17
710 19
720 21
720 20
720 19
720 20
720 22
720 20
720 19
720 18
720 19
720 18
720 22
720 18
720 21
720 21
720 19
720 19
720 17
720 16
720 19
720 25
720 18
720 23
720 20
720 18
720 20
720 20
720 17
720 18
720 19
720 19
720 19
720 20
720 21
720 19
720 19
720 19
720 18
720 20
720 18
720 22
720 21
720 19
720 19
720 19
720 20
720 19
720 21
720 16
720 24
720 20
730 21
730 18
730 21
730 19
730 20
730 22
730 18
730 23
730 20
730 20
730 18
730 21
730 20
730 20
730 16
730 22
730 20
730 18
730 18
730 18
730 20
730 19
730 19
730 18
730 18
730 18
730 21
730 20
730 20
730 21
730 20
730 19
730 21
730 22
730 23
730 19
730 20
730 21
730 20
730 21
730 18
730 20
730 21
730 21
730 22
730 18
730 21
730 20
730 19
730 18
740 17
740 18
740 18
740 17
740 19
740 20
740 20
740 19
740 21
740 18
740 24
740 18
740 17
740 22
740 19
740 21
740 22
740 20
740 18
740 23
740 18
740 17
740 18
740 18
740 22
740 18
740 17
740 17
740 18
740 18
740 19
740 20
740 21
740 21
740 18
740 17
740 21
740 20
740 21
740 23
740 25
740 19
740 20
740 21
740 23
740 22
740 20
740 20
740 20
740 23
750 21
750 22
750 22
750 21
750 19
750 22
750 22
750 22
750 20
750 20
750 19
750 18
750 23
750 16
750 17
750 23
750 19
750 19
750 22
750 19
750 21
750 19
750 19
750 19
750 18
750 22
750 22
750 21
750 19
750 19
750 19
750 17
750 20
750 19
750 25
750 18
750 18
750 20
750 20
750 21
750 21
750 17
750 19
750 21
750 21
750 19
750 21
750 20
750 20
750 19
760 18
760 20
760 21
760 18
760 19
760 19
760 18
760 20
760 19
760 23
760 18
760 18
760 20
760 19
760 19
760 19
760 19
760 20
760 22
760 20
760 20
760 19
760 19
760 24
760 21
760 16
760 21
760 18
760 20
760 17
760 19
760 19
760 19
760 18
760 19
760 22
760 19
760 19
760 21
760 20
760 19
760 19
760 22
760 22
760 17
760 19
760 17
760 22
760 19
760 21
770 21
770 18
770 20
770 21
770 25
770 19
770 19
770 20
770 22
770 18
770 19
770 19
770 20
770 18
770 24
770 20
770 18
770 21
770 18
770 19
770 20
770 20
770 20
770 19
770 22
770 22
770 20
770 19
770 20
770 20
770 18
770 22
770 20
770 21
770 20
770 22
770 19
770 24
770 22
770 20
770 17
770 19
770 19
770 22
770 22
770 23
770 18
770 20
770 18
770 19
780 20
780 18
780 19
780 20
780 23
780 19
780 19
780 20
780 18
780 21
780 20
780 24
780 20
780 20
780 21
780 20
780 22
780 19
780 19
780 17
780 20
780 22
780 21
780 21
780 22
780 20
780 18
780 18
780 18
780 21
780 20
780 18
780 18
780 21
780 20
780 21
780 19
780 23
780 18
780 18
780 20
780 19
780 20
780 17
780 21
780 21
780 20
780 19
780 21
780 17
790 19
790 19
790 20
790 22
790 18
790 23
790 20
790 23
790 18
790 23
790 22
790 19
790 19
790 22
790 19
790 19
790 22
790 19
790 22
790 22
790 19
790 19
790 20
790 25
790 19
790 20
790 23
790 22
790 22
790 22
790 20
790 21
790 20
790 19
790 23
790 19
790 19
790 22
790 18
790 20
790 20
790 21
790 20
790 18
790 22
790 22
790 19
790 21
790 20
790 17
800 23
800 18
800 21
800 19
800 20
800 20
800 20
800 19
800 19
800 17
800 19
800 21
800 19
800 20
800 18
800 20
800 19
800 19
800 20
800 20
800 19
800 21
800 18
800 18
800 19
800 21
800 21
800 19
800 19
800 18
800 17
800 17
800 22
800 20
800 20
800 21
800 20
800 21
800 18
800 21
800 19
800 21
800 21
800 22
800 19
800 19
800 18
800 20
800 18
800 19
810 21
810 22
810 20
810 18
810 20
810 21
810 21
810 19
810 19
810 18
810 19
810 23
810 17
810 21
810 19
810 25
810 20
810 20
810 18
810 18
810 20
810 22
810 21
810 22
810 24
810 17
810 19
810 24
810 20
810 18
810 21
810 19
810 20
810 20
810 20
810 20
810 17
810 24
810 21
810 21
810 20
810 19
810 20
810 21
810 19
810 27
810 20
810 21
810 22
810 17
820 25
820 19
820 22
820 20
820 18
820 22
820 22
820 21
820 24
820 18
820 22
820 24
820 22
820 19
820 21
820 24
820 20
820 19
820 21
820 20
820 21
820 18
820 19
820 23
820 22
820 19
820 21
820 17
820 17
820 21
820 20
820 20
820 18
820 19
820 20
820 18
820 21
820 20
820 18
820 21
820 18
820 21
820 21
820 25
820 19
820 20
820 18
820 23
820 21
820 19
830 20
830 20
830 21
830 18
830 17
830 22
830 18
830 19
830 19
830 20
830 23
830 19
830 20
830 21
830 21
830 20
830 21
830 20
830 24
830 19
830 25
830 20
830 21
830 20
830 21
830 21
830 22
830 19
830 19
830 20
830 18
830 20
830 19
830 19
830 24
830 18
830 21
830 19
830 20
830 23
830 19
830 18
830 20
830 20
830 18
830 17
830 18
830 20
830 22
830 21
840 20
840 20
840 21
840 20
840 19
840 19
840 19
840 24
840 22
840 19
840 20
840 21
840 20
840 21
840 19
840 20
840 21
840 21
840 18
840 22
840 20
840 20
840 18
840 19
840 21
840 19
840 18
840 18
840 25
840 21
840 19
840 19
840 19
840 18
840 21
840 22
840 18
840 20
840 21
840 17
840 18
840 18
840 19
840 18
840 22
840 19
840 18
840 22
840 22
840 21
850 21
850 20
850 20
850 19
850 19
850 21
850 21
850 19
850 21
850 23
850 21
850 20
850 19
850 22
850 20
850 22
850 18
850 19
850 19
850 17
850 19
850 21
850 20
850 19
850 19
850 18
850 21
850 21
850 20
850 17
850 23
850 19
850 22
850 26
850 18
850 19
850 21
850 18
850 19
850 29
850 23
850 18
850 20
850 21
850 19
850 22
850 19
850 23
850 20
850 22
860 21
860 21
860 21
860 19
860 24
860 21
860 24
860 18
860 18
860 23
860 20
860 20
860 20
860 25
860 24
860 20
860 20
860 18
860 22
860 23
860 21
860 22
860 21
860 22
860 20
860 23
860 20
860 20
860 26
860 21
860 21
860 20
860 20
860 22
860 20
860 21
860 23
860 21
860 19
860 20
860 23
860 25
860 21
860 21
860 20
860 19
860 19
860 19
860 20
860 19
870 23
870 25
870 22
870 21
870 19
870 25
870 19
870 17
870 21
870 21
870 20
870 18
870 23
870 21
870 18
870 23
870 21
870 19
870 22
870 20
870 21
870 20
870 20
870 22
870 19
870 20
870 19
870 21
870 23
870 21
870 21
870 19
870 19
870 21
870 18
870 22
870 21
870 22
870 22
870 23
870 25
870 25
870 23
870 18
870 19
870 21
870 20
870 23
870 21
870 20
880 19
880 27
880 23
880 18
880 23
880 19
880 20
880 20
880 19
880 19
880 17
880 21
880 19
880 20
880 19
880 22
880 19
880 18
880 21
880 19
880 20
880 21
880 21
880 22
880 19
880 19
880 22
880 19
880 21
880 26
880 19
880 22
880 19
880 23
880 20
880 22
880 20
880 20
880 20
880 23
880 21
880 20
880 18
880 19
880 19
880 18
880 20
880 22
880 26
880 23
890 23
890 21
890 20
890 20
890 20
890 25
890 24
890 23
890 22
890 21
890 21
890 19
890 24
890 23
890 20
890 19
890 20
890 19
890 24
890 20
890 22
890 20
890 20
890 17
890 20
890 22
890 19
890 22
890 18
890 22
890 20
890 20
890 19
890 20
890 19
890 18
890 22
890 21
890 19
890 22
890 22
890 19
890 20
890 21
890 23
890 19
890 21
890 19
890 23
890 21
900 19
900 21
900 18
900 24
900 22
900 19
900 18
900 21
900 19
900 23
900 20
900 21
900 21
900 19
900 20
900 20
900 21
900 20
900 19
900 21
900 20
900 19
900 19
900 19
900 21
900 18
900 20
900 19
900 23
900 21
900 22
900 23
900 20
900 20
900 23
900 23
900 22
900 21
900 22
900 20
900 18
900 20
900 21
900 18
900 21
900 23
900 21
900 20
900 18
900 21
910 20
910 20
910 21
910 22
910 23
910 18
910 22
910 26
910 20
910 21
910 20
910 20
910 21
910 23
910 25
910 21
910 20
910 24
910 21
910 25
910 21
910 20
910 20
910 22
910 20
910 26
910 20
910 20
910 20
910 24
910 20
910 18
910 23
910 23
910 19
910 23
910 20
910 19
910 20
910 23
910 21
910 17
910 23
910 19
910 20
910 19
910 21
910 19
910 19
910 18
920 18
920 17
920 22
920 20
920 21
920 22
920 20
920 17
920 18
920 22
920 22
920 20
920 21
920 22
920 23
920 24
920 21
920 22
920 22
920 24
920 19
920 22
920 21
920 21
920 21
920 22
920 22
920 21
920 20
920 21
920 22
920 23
920 19
920 20
920 20
920 20
920 25
920 23
920 20
920 23
920 23
920 21
920 23
920 19
920 24
920 22
920 20
920 22
920 22
920 21
930 24
930 20
930 23
930 20
930 22
930 22
930 18
930 19
930 19
930 18
930 21
930 20
930 24
930 20
930 19
930 21
930 22
930 17
930 20
930 23
930 18
930 22
930 20
930 18
930 20
930 17
930 20
930 19
930 23
930 23
930 19
930 20
930 19
930 22
930 21
930 23
930 21
930 24
930 19
930 21
930 21
930 19
930 21
930 20
930 19
930 22
930 24
930 23
930 19
930 21
940 20
940 22
940 24
940 24
940 21
940 21
940 21
940 20
940 22
940 25
940 21
940 26
940 21
940 23
940 19
940 21
940 22
940 20
940 19
940 23
940 22
940 20
940 18
940 19
940 19
940 19
940 25
940 19
940 22
940 22
940 21
940 20
940 18
940 20
940 20
940 21
940 21
940 17
940 23
940 20
940 19
940 19
940 23
940 21
940 20
940 20
940 18
940 20
940 19
940 22
950 19
950 23
950 22
950 21
950 23
950 24
950 21
950 21
950 21
950 23
950 22
950 20
950 25
950 26
950 22
950 21
950 19
950 22
950 20
950 20
950 24
950 20
950 21
950 19
950 18
950 20
950 22
950 26
950 18
950 26
950 19
950 21
950 24
950 19
950 21
950 22
950 24
950 20
950 21
950 21
950 22
950 20
950 19
950 18
950 24
950 23
950 21
950 19
950 23
950 20
960 22
960 17
960 19
960 22
960 20
960 22
960 23
960 20
960 19
960 21
960 27
960 21
960 21
960 19
960 21
960 20
960 22
960 21
960 20
960 18
960 23
960 20
960 18
960 20
960 21
960 18
960 18
960 17
960 20
960 21
960 19
960 21
960 21
960 20
960 20
960 22
960 21
960 22
960 21
960 26
960 21
960 20
960 20
960 25
960 21
960 23
960 20
960 22
960 18
960 21
970 22
970 22
970 18
970 22
970 21
970 22
970 23
970 18
970 22
970 20
970 26
970 20
970 18
970 22
970 21
970 20
970 24
970 27
970 20
970 20
970 20
970 20
970 18
970 20
970 21
970 21
970 26
970 30
970 21
970 20
970 19
970 18
970 20
970 20
970 21
970 22
970 20
970 21
970 24
970 21
970 20
970 21
970 18
970 23
970 20
970 22
970 20
970 22
970 21
970 25
980 21
980 23
980 23
980 22
980 21
980 20
980 21
980 21
980 20
980 22
980 20
980 19
980 24
980 22
980 22
980 18
980 20
980 20
980 22
980 22
980 22
980 24
980 21
980 25
980 18
980 23
980 19
980 20
980 20
980 18
980 21
980 23
980 19
980 19
980 19
980 19
980 20
980 19
980 19
980 18
980 23
980 19
980 21
980 21
980 23
980 22
980 21
980 21
980 22
980 19
990 20
990 24
990 22
990 20
990 19
990 23
990 19
990 20
990 23
990 20
990 20
990 22
990 21
990 24
990 20
990 19
990 21
990 20
990 18
990 22
990 24
990 21
990 23
990 20
990 20
990 19
990 22
990 22
990 20
990 21
990 25
990 23
990 21
990 21
990 19
990 19
990 22
990 21
990 21
990 25
990 23
990 21
990 22
990 24
990 19
990 22
990 19
990 23
990 24
990 21
1000 21
1000 19
1000 19
1000 23
1000 22
1000 24
1000 21
1000 20
1000 22
1000 25
1000 20
1000 22
1000 23
1000 20
1000 20
1000 23
1000 24
1000 23
1000 18
1000 21
1000 23
1000 20
1000 19
1000 19
1000 22
1000 20
1000 20
1000 23
1000 19
1000 22
1000 21
1000 23
1000 23
1000 20
1000 19
1000 21
1000 19
1000 20
1000 20
1000 21
1000 20
1000 23
1000 22
1000 26
1000 21
1000 22
1000 17
1000 19
1000 22
1000 21
