10 4
10 5
10 6
10 6
10 4
10 4
10 3
10 6
10 4
10 5
10 5
10 3
10 3
10 5
10 7
10 4
10 8
10 5
10 6
10 6
10 9
10 7
10 4
10 5
10 5
10 4
10 6
10 7
10 5
10 5
10 3
10 3
10 5
10 7
10 5
10 5
10 2
10 5
10 6
10 7
10 3
10 7
10 4
10 4
10 5
10 6
10 2
10 4
10 5
10 3
20 12
20 17
20 10
20 10
20 13
20 10
20 15
20 12
20 14
20 13
20 11
20 16
20 12
20 15
20 12
20 15
20 9
20 14
20 13
20 11
20 15
20 14
20 11
20 15
20 13
20 11
20 15
20 13
20 14
20 12
20 13
20 12
20 11
20 12
20 16
20 12
20 10
20 14
20 12
20 15
20 13
20 14
20 11
20 13
20 13
20 13
20 13
20 17
20 12
20 12
30 23
30 22
30 21
30 20
30 26
30 24
30 21
30 21
30 20
30 24
30 22
30 21
30 27
30 22
30 19
30 22
30 23
30 23
30 22
30 18
30 18
30 19
30 20
30 27
30 19
30 20
30 20
30 24
30 23
30 22
30 22
30 25
30 24
30 22
30 20
30 23
30 19
30 23
30 24
30 22
30 22
30 20
30 21
30 21
30 22
30 18
30 22
30 20
30 21
30 22
40 29
40 32
40 30
40 31
40 28
40 34
40 29
40 33
40 30
40 25
40 30
40 32
40 32
40 31
40 28
40 34
40 28
40 32
40 33
40 27
40 26
40 29
40 32
40 28
40 31
40 26
40 28
40 27
40 33
40 31
40 30
40 34
40 34
40 29
40 33
40 27
40 34
40 30
40 31
40 31
40 29
40 32
40 28
40 26
40 27
40 33
40 29
40 26
40 30
40 27
50 43
50 37
50 40
50 35
50 38
50 40
50 42
50 36
50 44
50 38
50 40
50 37
50 42
50 40
50 40
50 34
50 35
50 43
50 37
50 41
50 38
50 37
50 41
50 41
50 40
50 39
50 39
50 42
50 42
50 42
50 37
50 40
50 38
50 36
50 40
50 42
50 39
50 41
50 43
50 38
50 37
50 42
50 39
50 38
50 41
50 42
50 37
50 38
50 41
50 39
60 49
60 48
60 48
60 49
60 51
60 53
60 46
60 44
60 52
60 50
60 46
60 48
60 51
60 48
60 48
60 51
60 46
60 44
60 47
60 47
60 48
60 46
60 45
60 47
60 49
60 50
60 53
60 45
60 49
60 46
60 53
60 46
60 43
60 45
60 51
60 48
60 50
60 44
60 50
60 49
60 51
60 46
60 52
60 52
60 45
60 48
60 49
60 50
60 50
60 52
70 63
70 54
70 59
70 62
70 56
70 55
70 56
70 57
70 58
70 62
70 56
70 62
70 57
70 62
70 57
70 60
70 57
70 62
70 56
70 57
70 60
70 59
70 61
70 54
70 58
70 59
70 60
70 60
70 54
70 60
70 59
70 56
70 61
70 57
70 58
70 57
70 59
70 59
70 55
70 59
70 60
70 61
70 53
70 61
70 56
70 59
70 58
70 60
70 58
70 55
80 68
80 65
80 64
80 63
80 67
80 68
80 67
80 67
80 66
80 65
80 62
80 66
80 66
80 66
80 65
80 66
80 73
80 64
80 59
80 69
80 66
80 72
80 69
80 70
80 69
80 70
80 62
80 65
80 68
80 68
80 69
80 67
80 65
80 68
80 66
80 66
80 64
80 64
80 65
80 64
80 63
80 65
80 65
80 65
80 67
80 67
80 70
80 66
80 66
80 69
90 74
90 75
90 78
90 76
90 80
90 75
90 76
90 74
90 81
90 78
90 76
90 76
90 82
90 80
90 82
90 78
90 76
90 80
90 78
90 76
90 78
90 77
90 79
90 74
90 75
90 77
90 69
90 79
90 71
90 76
90 77
90 77
90 77
90 68
90 74
90 75
90 79
90 76
90 79
90 75
90 78
90 77
90 77
90 74
90 73
90 76
90 77
90 76
90 76
90 78
100 88
100 83
100 83
100 90
100 85
100 85
100 88
100 82
100 83
100 86
100 85
100 90
100 86
100 91
100 78
100 86
100 86
100 81
100 92
100 86
100 84
100 85
100 79
100 83
100 84
100 86
100 80
100 85
100 85
100 88
100 85
100 89
100 89
100 91
100 87
100 85
100 84
100 86
100 83
100 85
100 89
100 88
100 89
100 87
100 89
100 82
100 84
100 83
100 92
100 82
110 92
110 99
110 94
110 102
110 99
110 93
110 96
110 94
110 94
110 91
110 92
110 94
110 89
110 92
110 99
110 101
110 98
110 95
110 91
110 92
110 94
110 102
110 96
110 96
110 96
110 98
110 93
110 97
110 96
110 92
110 99
110 92
110 100
110 98
110 91
110 94
110 95
110 96
110 95
110 98
110 97
110 94
110 96
110 90
110 97
110 94
110 99
110 87
110 97
110 95
120 102
120 100
120 106
120 104
120 106
120 109
120 104
120 105
120 102
120 106
120 106
120 102
120 100
120 111
120 95
120 106
120 102
120 103
120 105
120 105
120 106
120 101
120 102
120 109
120 104
120 102
120 106
120 108
120 103
120 104
120 102
120 107
120 106
120 107
120 101
120 107
120 105
120 109
120 103
120 106
120 101
120 100
120 101
120 109
120 105
120 110
120 105
120 109
120 106
120 107
130 118
130 115
130 112
130 117
130 113
130 113
130 114
130 110
130 114
130 114
130 111
130 106
130 115
130 114
130 118
130 113
130 111
130 111
130 111
130 115
130 114
130 110
130 113
130 117
130 113
130 117
130 112
130 115
130 119
130 112
130 114
130 114
130 112
130 115
130 115
130 112
130 111
130 113
130 115
130 117
130 114
130 115
130 115
130 113
130 113
130 118
130 115
130 115
130 115
130 113
140 125
140 126
140 120
140 126
140 116
140 127
140 121
140 124
140 121
140 124
140 125
140 123
140 118
140 115
140 116
140 119
140 123
140 124
140 123
140 122
140 122
140 123
140 128
140 124
140 127
140 132
140 123
140 121
140 125
140 128
140 127
140 122
140 130
140 122
140 124
140 125
140 129
140 121
140 128
140 120
140 120
140 130
140 123
140 129
140 123
140 126
140 128
140 122
140 121
140 120
150 132
150 130
150 131
150 133
150 130
150 137
150 136
150 132
150 140
150 135
150 131
150 133
150 130
150 131
150 139
150 131
150 128
150 126
150 129
150 130
150 132
150 130
150 133
150 135
150 130
150 128
150 130
150 137
150 134
150 126
150 137
150 135
150 133
150 135
150 134
150 134
150 134
150 132
150 142
150 135
150 132
150 132
150 140
150 132
150 132
150 133
150 135
150 128
150 132
150 135
160 136
160 141
160 144
160 149
160 131
160 139
160 147
160 146
160 141
160 146
160 144
160 144
160 148
160 142
160 151
160 141
160 146
160 144
160 146
160 143
160 139
160 143
160 140
160 143
160 138
160 147
160 143
160 139
160 142
160 142
160 142
160 145
160 143
160 145
160 144
160 148
160 147
160 143
160 145
160 148
160 146
160 143
160 145
160 144
160 145
160 138
160 135
160 143
160 144
160 137
170 156
170 153
170 152
170 153
170 146
170 155
170 152
170 154
170 151
170 156
170 156
170 152
170 149
170 152
170 151
170 151
170 155
170 153
170 156
170 149
170 151
170 154
170 155
170 158
170 151
170 154
170 159
170 152
170 151
170 156
170 152
170 158
170 157
170 151
170 148
170 143
170 152
170 151
170 152
170 154
170 153
170 157
170 154
170 155
170 153
170 154
170 145
170 152
170 155
170 159
180 164
180 170
180 164
180 166
180 171
180 158
180 165
180 165
180 162
180 164
180 156
180 158
180 163
180 159
180 161
180 159
180 159
180 164
180 160
180 159
180 161
180 164
180 160
180 167
180 167
180 159
180 164
180 160
180 161
180 158
180 162
180 165
180 165
180 168
180 157
180 167
180 160
180 156
180 163
180 159
180 162
180 165
180 162
180 162
180 158
180 161
180 164
180 163
180 165
180 153
190 172
190 169
190 173
190 170
190 168
190 172
190 177
190 177
190 164
190 174
190 175
190 176
190 172
190 175
190 172
190 171
190 172
190 171
190 178
190 174
190 168
190 171
190 175
190 172
190 168
190 172
190 173
190 170
190 169
190 170
190 166
190 174
190 167
190 177
190 165
190 175
190 168
190 174
190 168
190 168
190 177
190 168
190 171
190 171
190 175
190 173
190 180
190 174
190 172
190 176
200 189
200 179
200 180
200 182
200 180
200 182
200 185
200 186
200 182
200 178
200 181
200 183
200 183
200 184
200 183
200 182
200 179
200 188
200 185
200 179
200 180
200 176
200 182
200 180
200 183
200 186
200 182
200 181
200 183
200 178
200 180
200 182
200 175
200 182
200 180
200 183
200 182
200 181
200 181
200 180
200 180
200 184
200 186
200 182
200 177
200 177
200 180
200 182
200 183
200 182
210 193
210 193
210 190
210 199
210 194
210 193
210 187
210 191
210 190
210 197
210 189
210 190
210 190
210 191
210 192
210 192
210 184
210 189
210 195
210 188
210 195
210 193
210 192
210 190
210 187
210 192
210 194
210 195
210 192
210 192
210 195
210 192
210 195
210 194
210 187
210 191
210 191
210 197
210 192
210 186
210 191
210 192
210 189
210 192
210 188
210 193
210 193
210 190
210 191
210 196
220 200
220 203
220 202
220 204
220 202
220 200
220 199
220 200
220 200
220 205
220 199
220 200
220 197
220 204
220 207
220 200
220 202
220 206
220 200
220 201
220 202
220 200
220 203
220 196
220 205
220 204
220 192
220 195
220 195
220 202
220 201
220 200
220 207
220 208
220 202
220 197
220 200
220 206
220 207
220 205
220 200
220 196
220 210
220 200
220 195
220 198
220 199
220 203
220 201
220 208
230 213
230 208
230 203
230 209
230 216
230 210
230 210
230 211
230 214
230 210
230 212
230 221
230 204
230 211
230 207
230 219
230 210
230 203
230 204
230 212
230 216
230 210
230 209
230 216
230 213
230 212
230 215
230 208
230 211
230 207
230 217
230 217
230 210
230 212
230 211
230 211
230 214
230 218
230 205
230 209
230 214
230 209
230 206
230 213
230 210
230 213
230 213
230 207
230 212
230 212
240 221
240 219
240 230
240 222
240 220
240 217
240 225
240 219
240 216
240 223
240 225
240 226
240 224
240 225
240 221
240 221
240 217
240 225
240 218
240 223
240 225
240 219
240 221
240 209
240 218
240 225
240 219
240 223
240 218
240 218
240 228
240 220
240 227
240 222
240 220
240 223
240 223
240 221
240 222
240 223
240 225
240 219
240 218
240 220
240 227
240 214
240 217
240 218
240 222
240 227
250 239
250 225
250 230
250 227
250 234
250 229
250 228
250 234
250 228
250 229
250 236
250 238
250 237
250 228
250 231
250 231
250 228
250 230
250 230
250 233
250 231
250 233
250 234
250 226
250 226
250 233
250 224
250 233
250 228
250 232
250 230
250 238
250 232
250 231
250 233
250 230
250 229
250 230
250 227
250 229
250 230
250 227
250 229
250 236
250 236
250 234
250 228
250 236
250 235
250 230
260 237
260 239
260 239
260 244
260 244
260 237
260 246
260 247
260 238
260 242
260 238
260 233
260 241
260 239
260 239
260 241
260 238
260 242
260 243
260 248
260 242
260 245
260 244
260 242
260 240
260 245
260 243
260 238
260 236
260 235
260 243
260 241
260 236
260 239
260 234
260 232
260 241
260 242
260 234
260 240
260 245
260 241
260 239
260 236
260 242
260 237
260 249
260 239
260 238
260 241
270 255
270 254
270 249
270 247
270 254
270 255
270 258
270 255
270 252
270 248
270 248
270 248
270 249
270 247
270 252
270 246
270 250
270 245
270 246
270 249
270 254
270 254
270 250
270 247
270 252
270 243
270 257
270 251
270 252
270 256
270 255
270 254
270 251
270 252
270 253
270 254
270 254
270 244
270 254
270 252
270 253
270 256
270 255
270 245
270 251
270 255
270 252
270 248
270 251
270 248
280 261
280 263
280 250
280 257
280 259
280 257
280 257
280 265
280 265
280 266
280 255
280 257
280 255
280 253
280 259
280 261
280 261
280 261
280 257
280 261
280 261
280 260
280 259
280 259
280 265
280 261
280 263
280 258
280 261
280 262
280 263
280 262
280 262
280 252
280 262
280 260
280 258
280 257
280 261
280 267
280 259
280 263
280 262
280 254
280 262
280 257
280 252
280 263
280 259
280 260
290 269
290 267
290 266
290 270
290 271
290 263
290 279
290 274
290 269
290 268
290 270
290 273
290 266
290 272
290 268
290 271
290 269
290 266
290 266
290 269
290 270
290 270
290 272
290 275
290 264
290 271
290 268
290 264
290 277
290 271
290 263
290 266
290 267
290 264
290 270
290 267
290 268
290 269
290 272
290 267
290 274
290 269
290 271
290 269
290 271
290 262
290 270
290 263
290 274
290 264
300 273
300 277
300 282
300 276
300 279
300 279
300 275
300 275
300 278
300 280
300 281
300 283
300 281
300 283
300 273
300 280
300 280
300 280
300 277
300 283
300 284
300 274
300 279
300 274
300 275
300 283
300 279
300 279
300 279
300 277
300 278
300 279
300 285
300 281
300 282
300 285
300 284
300 281
300 282
300 283
300 284
300 282
300 282
300 280
300 282
300 278
300 276
300 276
300 280
300 280
310 290
310 288
310 286
310 293
310 289
310 284
310 287
310 290
310 291
310 287
310 294
310 292
310 291
310 287
310 285
310 299
310 286
310 290
310 294
310 282
310 295
310 294
310 287
310 291
310 292
310 292
310 283
310 290
310 277
310 290
310 296
310 294
310 291
310 286
310 292
310 289
310 288
310 291
310 289
310 298
310 282
310 286
310 296
310 295
310 284
310 295
310 295
310 292
310 281
310 296
320 298
320 294
320 295
320 298
320 302
320 303
320 293
320 301
320 305
320 301
320 308
320 307
320 301
320 296
320 301
320 297
320 301
320 295
320 299
320 310
320 299
320 298
320 303
320 303
320 301
320 296
320 302
320 297
320 298
320 285
320 301
320 302
320 300
320 298
320 296
320 303
320 306
320 306
320 298
320 297
320 304
320 307
320 297
320 296
320 298
320 307
320 299
320 298
320 299
320 298
330 313
330 313
330 311
330 305
330 309
330 313
330 313
330 310
330 312
330 305
330 303
330 315
330 315
330 305
330 303
330 311
330 312
330 316
330 304
330 314
330 312
330 314
330 310
330 301
330 313
330 304
330 312
330 307
330 305
330 306
330 307
330 315
330 311
330 303
330 303
330 315
330 309
330 310
330 313
330 309
330 303
330 311
330 302
330 304
330 310
330 312
330 308
330 309
330 309
330 309
340 321
340 321
340 321
340 316
340 321
340 317
340 322
340 307
340 319
340 322
340 312
340 319
340 323
340 322
340 316
340 318
340 317
340 321
340 315
340 320
340 325
340 316
340 318
340 319
340 324
340 320
340 326
340 319
340 321
340 319
340 314
340 316
340 325
340 319
340 316
340 319
340 313
340 315
340 322
340 309
340 318
340 322
340 315
340 321
340 316
340 316
340 315
340 321
340 322
340 318
350 331
350 332
350 326
350 335
350 330
350 324
350 329
350 327
350 330
350 331
350 325
350 333
350 331
350 335
350 330
350 328
350 327
350 328
350 330
350 334
350 328
350 329
350 329
350 329
350 330
350 330
350 321
350 326
350 330
350 332
350 334
350 324
350 327
350 342
350 329
350 333
350 329
350 328
350 325
350 328
350 325
350 329
350 333
350 327
350 330
350 329
350 326
350 322
350 328
350 332
360 336
360 343
360 336
360 341
360 335
360 337
360 333
360 339
360 342
360 337
360 340
360 325
360 342
360 337
360 332
360 346
360 338
360 335
360 341
360 340
360 336
360 336
360 340
360 342
360 337
360 336
360 338
360 338
360 336
360 336
360 337
360 340
360 335
360 338
360 332
360 334
360 341
360 336
360 337
360 332
360 340
360 346
360 340
360 337
360 338
360 335
360 343
360 340
360 337
360 339
370 343
370 347
370 350
370 348
370 346
370 346
370 351
370 352
370 345
370 351
370 347
370 349
370 344
370 342
370 345
370 347
370 351
370 344
370 345
370 345
370 339
370 341
370 347
370 347
370 354
370 349
370 345
370 353
370 351
370 338
370 339
370 346
370 347
370 343
370 353
370 346
370 349
370 349
370 343
370 348
370 353
370 345
370 352
370 347
370 348
370 342
370 349
370 354
370 351
370 349
380 360
380 353
380 359
380 359
380 366
380 359
380 352
380 354
380 352
380 356
380 362
380 361
380 358
380 353
380 355
380 361
380 362
380 351
380 361
380 358
380 359
380 359
380 352
380 363
380 361
380 356
380 359
380 357
380 358
380 361
380 352
380 358
380 361
380 354
380 359
380 352
380 350
380 361
380 359
380 359
380 355
380 359
380 365
380 365
380 353
380 351
380 357
380 355
380 356
380 357
390 364
390 372
390 365
390 367
390 364
390 367
390 371
390 361
390 364
390 367
390 363
390 366
390 362
390 370
390 365
390 368
390 374
390 362
390 370
390 371
390 373
390 359
390 372
390 369
390 372
390 374
390 366
390 371
390 369
390 369
390 362
390 365
390 370
390 366
390 369
390 368
390 364
390 367
390 365
390 359
390 362
390 369
390 369
390 370
390 370
390 367
390 366
390 371
390 372
390 362
400 372
400 376
400 381
400 384
400 383
400 378
400 366
400 376
400 381
400 380
400 374
400 382
400 382
400 378
400 377
400 372
400 380
400 376
400 383
400 371
400 380
400 379
400 379
400 385
400 371
400 386
400 377
400 380
400 380
400 381
400 381
400 376
400 374
400 379
400 380
400 379
400 374
400 384
400 378
400 378
400 378
400 380
400 373
400 373
400 376
400 381
400 380
400 383
400 370
400 376
410 384
410 393
410 391
410 390
410 389
410 389
410 390
410 387
410 385
410 380
410 386
410 387
410 396
410 387
410 392
410 383
410 391
410 385
410 390
410 393
410 378
410 387
410 394
410 388
410 385
410 389
410 373
410 385
410 385
410 388
410 375
410 384
410 393
410 386
410 387
410 380
410 387
410 380
410 387
410 384
410 388
410 384
410 390
410 391
410 390
410 384
410 391
410 393
410 389
410 384
420 397
420 392
420 395
420 401
420 399
420 398
420 396
420 399
420 395
420 394
420 397
420 400
420 400
420 401
420 398
420 395
420 396
420 398
420 399
420 397
420 395
420 395
420 401
420 392
420 396
420 401
420 397
420 403
420 393
420 400
420 396
420 398
420 394
420 400
420 399
420 388
420 397
420 401
420 397
420 396
420 398
420 396
420 394
420 400
420 395
420 393
420 393
420 402
420 392
420 401
430 409
430 406
430 392
430 409
430 406
430 398
430 407
430 408
430 411
430 405
430 404
430 412
430 406
430 409
430 412
430 403
430 408
430 407
430 414
430 409
430 404
430 409
430 410
430 403
430 403
430 409
430 407
430 410
430 404
430 408
430 404
430 406
430 408
430 414
430 402
430 403
430 403
430 404
430 410
430 400
430 408
430 410
430 399
430 410
430 407
430 405
430 410
430 407
430 408
430 408
440 414
440 425
440 422
440 417
440 415
440 417
440 416
440 423
440 419
440 423
440 416
440 420
440 415
440 416
440 419
440 405
440 420
440 419
440 418
440 417
440 417
440 414
440 417
440 421
440 417
440 415
440 419
440 419
440 423
440 418
440 422
440 412
440 414
440 421
440 416
440 417
440 412
440 412
440 410
440 421
440 418
440 418
440 415
440 421
440 420
440 415
440 415
440 417
440 411
440 413
450 425
450 427
450 420
450 422
450 418
450 429
450 431
450 433
450 428
450 429
450 427
450 422
450 428
450 426
450 424
450 429
450 428
450 434
450 422
450 431
450 427
450 421
450 427
450 430
450 422
450 423
450 430
450 424
450 429
450 424
450 429
450 426
450 429
450 426
450 429
450 418
450 431
450 425
450 431
450 428
450 429
450 426
450 423
450 425
450 425
450 426
450 430
450 424
450 425
450 423
460 448
460 441
460 436
460 436
460 438
460 431
460 443
460 443
460 440
460 434
460 430
460 426
460 431
460 445
460 437
460 438
460 440
460 432
460 438
460 440
460 432
460 435
460 439
460 435
460 442
460 431
460 428
460 432
460 439
460 437
460 431
460 438
460 436
460 424
460 437
460 436
460 435
460 432
460 441
460 437
460 438
460 439
460 434
460 435
460 435
460 429
460 436
460 439
460 440
460 440
470 448
470 443
470 440
470 440
470 450
470 444
470 448
470 448
470 451
470 441
470 441
470 447
470 442
470 445
470 444
470 451
470 445
470 456
470 448
470 446
470 447
470 446
470 452
470 443
470 445
470 451
470 448
470 447
470 447
470 447
470 448
470 448
470 449
470 437
470 436
470 448
470 452
470 446
470 442
470 446
470 442
470 452
470 445
470 452
470 450
470 447
470 447
470 441
470 455
470 447
480 457
480 453
480 451
480 458
480 463
480 462
480 453
480 460
480 450
480 456
480 458
480 454
480 459
480 453
480 458
480 456
480 456
480 451
480 451
480 461
480 454
480 456
480 459
480 457
480 458
480 448
480 451
480 460
480 462
480 455
480 450
480 458
480 458
480 454
480 453
480 459
480 458
480 458
480 457
480 452
480 452
480 468
480 462
480 461
480 458
480 460
480 455
480 456
480 459
480 458
490 457
490 471
490 467
490 466
490 469
490 469
490 471
490 463
490 463
490 461
490 461
490 467
490 474
490 465
490 467
490 471
490 466
490 469
490 462
490 469
490 474
490 467
490 461
490 462
490 456
490 457
490 467
490 466
490 469
490 465
490 459
490 466
490 463
490 460
490 467
490 474
490 459
490 466
490 468
490 470
490 465
490 467
490 473
490 468
490 469
490 467
490 466
490 460
490 470
490 468
500 476
500 471
500 478
500 477
500 479
500 470
500 477
500 471
500 478
500 476
500 472
500 475
500 484
500 478
500 480
500 479
500 475
500 470
500 477
500 474
500 468
500 479
500 470
500 484
500 479
500 482
500 476
500 483
500 478
500 474
500 476
500 474
500 475
500 476
500 480
500 482
500 485
500 474
500 484
500 473
500 482
500 472
500 475
500 478
500 481
500 480
500 478
500 474
500 474
500 481
510 487
510 489
510 485
510 485
510 487
510 489
510 492
510 486
510 492
510 486
510 483
510 483
510 489
510 491
510 489
510 492
510 487
510 491
510 488
510 490
510 481
510 480
510 480
510 487
510 490
510 485
510 492
510 473
510 485
510 489
510 486
510 473
510 485
510 487
510 483
510 492
510 483
510 484
510 475
510 486
510 489
510 481
510 484
510 489
510 489
510 487
510 485
510 483
510 482
510 487
520 497
520 498
520 496
520 495
520 491
520 491
520 500
520 496
520 490
520 498
520 496
520 489
520 496
520 497
520 496
520 499
520 496
520 496
520 496
520 494
520 499
520 503
520 489
520 495
520 494
520 490
520 497
520 491
520 497
520 496
520 493
520 489
520 498
520 491
520 490
520 497
520 488
520 494
520 497
520 497
520 493
520 494
520 497
520 500
520 488
520 493
520 491
520 502
520 491
520 499
530 500
530 498
530 501
530 509
530 502
530 505
530 500
530 509
530 513
530 507
530 509
530 512
530 505
530 503
530 514
530 509
530 500
530 500
530 498
530 506
530 508
530 503
530 510
530 505
530 503
530 505
530 498
530 507
530 507
530 503
530 503
530 503
530 507
530 497
530 514
530 512
530 505
530 510
530 502
530 507
530 510
530 506
530 509
530 512
530 510
530 500
530 503
530 501
530 505
530 507
540 516
540 518
540 515
540 510
540 512
540 512
540 513
540 512
540 510
540 521
540 506
540 513
540 512
540 514
540 523
540 519
540 509
540 515
540 518
540 512
540 518
540 514
540 521
540 518
540 515
540 520
540 518
540 519
540 521
540 519
540 508
540 514
540 519
540 508
540 521
540 518
540 514
540 512
540 509
540 519
540 520
540 519
540 515
540 518
540 512
540 513
540 514
540 515
540 517
540 516
550 529
550 526
550 533
550 526
550 522
550 519
550 522
550 526
550 518
550 530
550 526
550 527
550 531
550 525
550 527
550 527
550 525
550 522
550 528
550 529
550 524
550 531
550 526
550 529
550 522
550 520
550 528
550 533
550 528
550 525
550 525
550 520
550 529
550 523
550 529
550 525
550 522
550 520
550 534
550 523
550 524
550 519
550 514
550 522
550 529
550 531
550 527
550 517
550 530
550 526
560 535
560 539
560 523
560 532
560 532
560 535
560 534
560 541
560 537
560 541
560 546
560 534
560 532
560 537
560 535
560 534
560 545
560 538
560 541
560 540
560 537
560 535
560 537
560 531
560 535
560 529
560 530
560 542
560 526
560 525
560 526
560 535
560 534
560 537
560 543
560 535
560 533
560 522
560 527
560 540
560 536
560 537
560 541
560 536
560 528
560 537
560 531
560 532
560 533
560 522
570 548
570 544
570 541
570 541
570 542
570 543
570 542
570 545
570 546
570 546
570 550
570 546
570 549
570 547
570 543
570 543
570 540
570 543
570 542
570 541
570 546
570 546
570 544
570 554
570 537
570 548
570 547
570 536
570 544
570 544
570 550
570 546
570 542
570 544
570 544
570 544
570 548
570 544
570 541
570 545
570 541
570 546
570 546
570 541
570 541
570 541
570 539
570 537
570 547
570 544
580 551
580 554
580 557
580 552
580 560
580 560
580 548
580 554
580 557
580 562
580 554
580 555
580 559
580 548
580 550
580 554
580 555
580 549
580 554
580 557
580 557
580 560
580 555
580 553
580 559
580 553
580 561
580 556
580 556
580 557
580 554
580 543
580 555
580 558
580 565
580 561
580 552
580 551
580 556
580 559
580 562
580 550
580 556
580 560
580 555
580 562
580 560
580 562
580 564
580 557
590 553
590 570
590 561
590 559
590 567
590 563
590 565
590 562
590 568
590 563
590 568
590 569
590 568
590 566
590 562
590 568
590 564
590 569
590 565
590 559
590 560
590 566
590 564
590 572
590 564
590 569
590 565
590 570
590 568
590 561
590 572
590 567
590 562
590 562
590 569
590 560
590 560
590 569
590 566
590 563
590 571
590 576
590 566
590 568
590 564
590 562
590 563
590 569
590 568
590 564
600 577
600 574
600 578
600 571
600 571
600 581
600 577
600 576
600 576
600 579
600 576
600 572
600 581
600 571
600 577
600 572
600 564
600 573
600 577
600 579
600 567
600 579
600 582
600 577
600 562
600 572
600 572
600 572
600 575
600 570
600 582
600 578
600 580
600 579
600 567
600 579
600 582
600 574
600 580
600 572
600 571
600 577
600 571
600 574
600 569
600 578
600 575
600 570
600 570
600 577
610 580
610 587
610 584
610 589
610 586
610 584
610 578
610 585
610 578
610 586
610 587
610 576
610 573
610 590
610 585
610 583
610 585
610 579
610 585
610 588
610 588
610 577
610 587
610 582
610 578
610 590
610 582
610 584
610 589
610 585
610 592
610 583
610 582
610 591
610 582
610 587
610 580
610 587
610 582
610 590
610 583
610 591
610 585
610 586
610 583
610 593
610 592
610 588
610 588
610 575
620 591
620 581
620 599
620 592
620 594
620 602
620 598
620 599
620 605
620 593
620 596
620 598
620 592
620 590
620 592
620 583
620 594
620 594
620 595
620 596
620 591
620 597
620 592
620 593
620 598
620 599
620 593
620 598
620 601
620 595
620 599
620 590
620 592
620 600
620 593
620 587
620 603
620 600
620 596
620 581
620 595
620 596
620 591
620 604
620 603
620 595
620 589
620 600
620 597
620 599
630 604
630 603
630 608
630 602
630 603
630 607
630 611
630 603
630 606
630 606
630 600
630 603
630 606
630 596
630 612
630 604
630 602
630 604
630 606
630 599
630 605
630 609
630 591
630 603
630 606
630 612
630 606
630 604
630 605
630 602
630 609
630 605
630 605
630 602
630 604
630 608
630 609
630 604
630 605
630 607
630 612
630 606
630 601
630 602
630 608
630 603
630 599
630 605
630 598
630 604
640 616
640 608
640 612
640 621
640 615
640 615
640 607
640 614
640 616
640 610
640 615
640 614
640 612
640 609
640 614
640 608
640 611
640 611
640 612
640 616
640 614
640 620
640 606
640 614
640 615
640 615
640 610
640 615
640 624
640 613
640 620
640 618
640 613
640 616
640 612
640 615
640 613
640 627
640 613
640 611
640 612
640 621
640 615
640 615
640 621
640 617
640 624
640 617
640 606
640 621
650 619
650 623
650 627
650 619
650 630
650 629
650 627
650 620
650 624
650 628
650 624
650 620
650 612
650 626
650 619
650 627
650 635
650 624
650 622
650 625
650 631
650 626
650 631
650 622
650 620
650 616
650 622
650 631
650 631
650 628
650 632
650 619
650 623
650 628
650 629
650 631
650 623
650 627
650 627
650 630
650 625
650 620
650 622
650 625
650 617
650 623
650 618
650 623
650 625
650 628
660 636
660 634
660 639
660 633
660 634
660 635
660 639
660 632
660 634
660 627
660 637
660 645
660 632
660 628
660 638
660 634
660 635
660 634
660 642
660 631
660 629
660 633
660 635
660 630
660 635
660 634
660 639
660 638
660 640
660 638
660 635
660 635
660 632
660 633
660 629
660 632
660 632
660 628
660 634
660 633
660 640
660 636
660 635
660 641
660 637
660 638
660 636
660 628
660 630
660 643
670 645
670 645
670 643
670 645
670 644
670 643
670 647
670 652
670 651
670 643
670 649
670 645
670 641
670 649
670 647
670 645
670 645
670 644
670 640
670 646
670 640
670 641
670 646
670 651
670 641
670 642
670 638
670 635
670 643
670 644
670 644
670 641
670 639
670 642
670 636
670 647
670 651
670 640
670 648
670 644
670 648
670 643
670 648
670 641
670 649
670 643
670 646
670 651
670 640
670 644
680 659
680 656
680 655
680 646
680 660
680 649
680 660
680 660
680 645
680 648
680 649
680 649
680 662
680 648
680 654
680 656
680 652
680 649
680 654
680 655
680 655
680 649
680 648
680 655
680 648
680 664
680 650
680 653
680 653
680 659
680 650
680 659
680 653
680 658
680 655
680 656
680 655
680 651
680 664
680 655
680 659
680 658
680 649
680 647
680 656
680 647
680 650
680 653
680 647
680 653
690 663
690 668
690 661
690 665
690 657
690 666
690 667
690 663
690 671
690 673
690 668
690 666
690 665
690 666
690 674
690 660
690 665
690 670
690 656
690 671
690 663
690 658
690 657
690 661
690 662
690 656
690 663
690 668
690 659
690 666
690 669
690 667
690 667
690 665
690 660
690 670
690 669
690 668
690 668
690 663
690 668
690 665
690 661
690 666
690 662
690 673
690 662
690 669
690 664
690 669
700 674
700 674
700 676
700 676
700 675
700 682
700 683
700 681
700 671
700 669
700 668
700 675
700 672
700 677
700 675
700 673
700 668
700 676
700 679
700 678
700 672
700 684
700 675
700 675
700 672
700 668
700 671
700 672
700 674
700 669
700 672
700 669
700 671
700 682
700 674
700 677
700 673
700 669
700 674
700 670
700 673
700 674
700 677
700 669
700 675
700 681
700 675
700 679
700 675
700 674
710 690
710 686
710 682
710 679
710 680
710 681
710 680
710 680
710 679
710 684
710 678
710 682
710 684
710 682
710 683
710 683
710 689
710 692
710 678
710 686
710 678
710 691
710 693
710 673
710 677
710 684
710 688
710 680
710 681
710 692
710 680
710 690
710 687
710 683
710 682
710 676
710 678
710 688
710 681
710 685
710 684
710 682
710 679
710 684
710 684
710 679
710 683
710 681
710 686
710 677
720 691
720 696
720 696
720 688
720 686
720 692
720 697
720 696
720 688
720 693
720 692
720 692
720 696
720 694
720 699
720 700
720 687
720 698
720 699
720 692
720 696
720 698
720 694
720 696
720 694
720 700
720 686
720 697
720 695
720 697
720 692
720 692
720 693
720 693
720 695
720 695
720 688
720 693
720 695
720 691
720 691
720 692
720 691
720 691
720 689
720 694
720 694
720 695
720 695
720 695
730 700
730 708
730 709
730 696
730 701
730 705
730 711
730 705
730 708
730 699
730 706
730 709
730 703
730 700
730 710
730 701
730 706
730 704
730 709
730 707
730 704
730 700
730 707
730 703
730 701
730 704
730 702
730 706
730 693
730 702
730 702
730 702
730 702
730 711
730 700
730 703
730 702
730 703
730 699
730 703
730 705
730 707
730 700
730 700
730 699
730 710
730 699
730 704
730 701
730 705
740 714
740 714
740 712
740 717
740 711
740 713
740 702
740 719
740 723
740 712
740 708
740 711
740 722
740 721
740 718
740 718
740 715
740 710
740 713
740 718
740 719
740 711
740 716
740 712
740 705
740 709
740 715
740 719
740 708
740 705
740 715
740 714
740 709
740 709
740 715
740 716
740 721
740 709
740 708
740 709
740 710
740 712
740 712
740 719
740 720
740 718
740 716
740 715
740 718
740 715
750 719
750 730
750 713
750 719
750 717
750 732
750 718
750 718
750 727
750 727
750 716
750 727
750 722
750 731
750 728
750 727
750 717
750 731
750 733
750 724
750 716
750 721
750 725
750 728
750 716
750 722
750 722
750 726
750 728
750 722
750 728
750 725
750 728
750 721
750 731
750 725
750 723
750 728
750 730
750 718
750 724
750 720
750 720
750 725
750 720
750 725
750 722
750 725
750 727
750 722
760 736
760 733
760 733
760 736
760 734
760 725
760 734
760 740
760 730
760 739
760 733
760 734
760 734
760 735
760 733
760 726
760 740
760 732
760 732
760 736
760 732
760 731
760 734
760 725
760 730
760 741
760 739
760 728
760 722
760 725
760 730
760 737
760 737
760 732
760 723
760 736
760 730
760 737
760 733
760 734
760 735
760 734
760 737
760 724
760 739
760 732
760 721
760 729
760 743
760 734
770 741
770 749
770 748
770 743
770 748
770 743
770 744
770 745
770 751
770 738
770 741
770 743
770 730
770 746
770 740
770 740
770 740
770 740
770 744
770 744
770 742
770 740
770 746
770 747
770 745
770 740
770 744
770 740
770 743
770 744
770 749
770 733
770 741
770 748
770 737
770 747
770 747
770 732
770 741
770 750
770 741
770 741
770 746
770 739
770 747
770 751
770 749
770 735
770 735
770 743
780 758
780 747
780 763
780 757
780 758
780 758
780 746
780 761
780 753
780 757
780 748
780 752
780 751
780 754
780 752
780 750
780 762
780 752
780 757
780 752
780 752
780 756
780 752
780 747
780 755
780 757
780 755
780 756
780 751
780 762
780 752
780 757
780 748
780 750
780 755
780 753
780 756
780 758
780 741
780 752
780 761
780 749
780 752
780 757
780 753
780 749
780 748
780 757
780 755
780 751
790 760
790 760
790 760
790 766
790 762
790 764
790 757
790 770
790 769
790 762
790 761
790 763
790 771
790 765
790 765
790 763
790 767
790 770
790 759
790 762
790 767
790 763
790 767
790 755
790 763
790 763
790 769
790 765
790 754
790 769
790 760
790 771
790 761
790 761
790 766
790 764
790 760
790 762
790 753
790 771
790 763
790 758
790 770
790 770
790 763
790 765
790 763
790 765
790 764
790 766
800 768
800 771
800 774
800 770
800 773
800 771
800 772
800 772
800 774
800 764
800 773
800 777
800 771
800 773
800 766
800 776
800 780
800 771
800 778
800 770
800 772
800 769
800 777
800 775
800 787
800 776
800 772
800 777
800 766
800 773
800 764
800 773
800 773
800 775
800 773
800 774
800 774
800 773
800 770
800 773
800 767
800 769
800 774
800 770
800 774
800 776
800 767
800 778
800 772
800 771
810 787
810 781
810 793
810 777
810 787
810 779
810 787
810 782
810 778
810 783
810 784
810 778
810 781
810 779
810 787
810 783
810 790
810 781
810 781
810 782
810 789
810 788
810 781
810 787
810 785
810 785
810 783
810 783
810 779
810 783
810 784
810 791
810 786
810 783
810 786
810 779
810 791
810 783
810 786
810 782
810 785
810 787
810 783
810 783
810 788
810 781
810 778
810 785
810 777
810 788
820 789
820 782
820 787
820 793
820 800
820 798
820 789
820 790
820 798
820 795
820 793
820 791
820 784
820 789
820 792
820 798
820 795
820 791
820 797
820 797
820 795
820 791
820 794
820 798
820 797
820 793
820 790
820 789
820 795
820 796
820 787
820 796
820 792
820 783
820 799
820 793
820 789
820 797
820 795
820 796
820 797
820 801
820 798
820 799
820 793
820 790
820 792
820 792
820 793
820 794
830 793
830 798
830 805
830 808
830 805
830 801
830 798
830 799
830 805
830 810
830 810
830 808
830 795
830 796
830 799
830 797
830 799
830 801
830 804
830 809
830 805
830 808
830 802
830 805
830 807
830 802
830 804
830 802
830 803
830 801
830 792
830 798
830 796
830 810
830 810
830 801
830 803
830 793
830 807
830 805
830 793
830 802
830 804
830 807
830 799
830 811
830 804
830 801
830 801
830 811
840 814
840 811
840 808
840 812
840 811
840 806
840 807
840 821
840 812
840 800
840 818
840 799
840 807
840 807
840 813
840 816
840 817
840 809
840 812
840 812
840 812
840 817
840 814
840 816
840 816
840 811
840 816
840 812
840 806
840 815
840 806
840 816
840 809
840 803
840 801
840 805
840 812
840 816
840 807
840 813
840 805
840 817
840 806
840 815
840 800
840 814
840 812
840 815
840 818
840 816
850 820
850 815
850 822
850 820
850 822
850 826
850 821
850 822
850 816
850 823
850 828
850 827
850 824
850 813
850 822
850 831
850 823
850 820
850 815
850 826
850 825
850 827
850 816
850 822
850 818
850 817
850 827
850 816
850 821
850 823
850 823
850 817
850 819
850 826
850 821
850 829
850 815
850 826
850 823
850 826
850 819
850 818
850 821
850 814
850 816
850 823
850 823
850 823
850 815
850 816
860 827
860 830
860 835
860 835
860 829
860 831
860 832
860 832
860 828
860 831
860 826
860 833
860 824
860 833
860 836
860 832
860 833
860 832
860 828
860 845
860 830
860 831
860 832
860 830
860 827
860 826
860 828
860 840
860 832
860 826
860 836
860 830
860 831
860 838
860 830
860 829
860 829
860 828
860 831
860 827
860 830
860 834
860 838
860 833
860 826
860 826
860 844
860 833
860 835
860 834
870 829
870 850
870 850
870 843
870 844
870 842
870 852
870 840
870 840
870 832
870 837
870 847
870 840
870 843
870 846
870 845
870 837
870 845
870 840
870 839
870 843
870 837
870 838
870 842
870 844
870 843
870 833
870 839
870 834
870 844
870 847
870 844
870 843
870 841
870 846
870 845
870 842
870 844
870 842
870 839
870 847
870 845
870 844
870 840
870 846
870 841
870 838
870 844
870 839
870 840
880 854
880 855
880 856
880 857
880 854
880 859
880 851
880 857
880 854
880 852
880 862
880 851
880 858
880 853
880 845
880 856
880 856
880 854
880 848
880 851
880 846
880 847
880 849
880 853
880 854
880 849
880 858
880 855
880 854
880 840
880 846
880 843
880 848
880 849
880 854
880 852
880 851
880 852
880 851
880 851
880 857
880 850
880 861
880 853
880 852
880 860
880 850
880 857
880 856
880 853
890 867
890 861
890 866
890 866
890 865
890 859
890 865
890 872
890 860
890 856
890 872
890 863
890 873
890 862
890 857
890 865
890 872
890 873
890 861
890 857
890 873
890 850
890 871
890 863
890 853
890 866
890 860
890 858
890 855
890 865
890 865
890 853
890 862
890 861
890 856
890 868
890 859
890 852
890 861
890 863
890 861
890 866
890 859
890 857
890 860
890 857
890 868
890 858
890 860
890 862
900 872
900 872
900 866
900 870
900 874
900 875
900 872
900 873
900 871
900 869
900 866
900 873
900 868
900 860
900 879
900 877
900 877
900 868
900 874
900 878
900 867
900 869
900 871
900 871
900 872
900 883
900 860
900 864
900 870
900 877
900 881
900 871
900 867
900 869
900 877
900 869
900 874
900 877
900 874
900 873
900 877
900 885
900 875
900 869
900 867
900 877
900 871
900 866
900 875
900 875
910 872
910 882
910 888
910 885
910 881
910 880
910 884
910 882
910 883
910 887
910 881
910 877
910 870
910 882
910 867
910 882
910 879
910 877
910 881
910 886
910 883
910 881
910 890
910 880
910 882
910 886
910 885
910 885
910 882
910 881
910 888
910 893
910 883
910 887
910 886
910 883
910 886
910 885
910 887
910 884
910 886
910 877
910 885
910 876
910 884
910 884
910 880
910 877
910 882
910 882
920 899
920 893
920 889
920 891
920 894
920 890
920 891
920 892
920 898
920 896
920 882
920 892
920 887
920 895
920 887
920 895
920 888
920 878
920 893
920 892
920 892
920 895
920 897
920 893
920 896
920 882
920 886
920 893
920 899
920 894
920 901
920 898
920 887
920 894
920 897
920 900
920 882
920 896
920 895
920 887
920 889
920 899
920 887
920 883
920 892
920 892
920 896
920 877
920 894
920 897
930 900
930 900
930 904
930 895
930 903
930 896
930 896
930 900
930 895
930 903
930 896
930 896
930 902
930 893
930 901
930 901
930 897
930 910
930 909
930 914
930 902
930 897
930 900
930 899
930 905
930 893
930 903
930 901
930 898
930 909
930 900
930 903
930 900
930 902
930 902
930 911
930 899
930 896
930 908
930 894
930 898
930 882
930 902
930 902
930 900
930 902
930 908
930 902
930 889
930 901
940 902
940 905
940 915
940 911
940 909
940 915
940 918
940 914
940 912
940 912
940 918
940 914
940 908
940 910
940 911
940 913
940 912
940 913
940 915
940 907
940 911
940 899
940 913
940 909
940 903
940 914
940 909
940 914
940 911
940 902
940 909
940 906
940 912
940 911
940 911
940 910
940 910
940 918
940 909
940 908
940 910
940 906
940 911
940 910
940 916
940 915
940 914
940 912
940 909
940 911
950 923
950 926
950 918
950 926
950 920
950 918
950 919
950 920
950 925
950 920
950 918
950 920
950 919
950 923
950 922
950 928
950 927
950 919
950 926
950 925
950 918
950 928
950 922
950 907
950 921
950 928
950 924
950 912
950 911
950 922
950 920
950 924
950 923
950 915
950 919
950 914
950 922
950 925
950 926
950 914
950 917
950 923
950 921
950 918
950 920
950 930
950 924
950 919
950 922
950 917
960 935
960 925
960 937
960 941
960 935
960 928
960 938
960 930
960 920
960 925
960 933
960 937
960 934
960 938
960 929
960 932
960 938
960 928
960 936
960 919
960 939
960 937
960 930
960 929
960 929
960 927
960 923
960 932
960 934
960 931
960 930
960 926
960 929
960 927
960 932
960 943
960 930
960 937
960 934
960 936
960 927
960 939
960 935
960 936
960 933
960 925
960 930
960 930
960 936
960 934
970 948
970 946
970 946
970 951
970 940
970 941
970 931
970 940
970 941
970 943
970 941
970 944
970 943
970 942
970 946
970 949
970 946
970 939
970 943
970 941
970 937
970 939
970 936
970 941
970 940
970 946
970 932
970 944
970 947
970 930
970 939
970 950
970 945
970 949
970 949
970 945
970 941
970 942
970 948
970 945
970 948
970 942
970 947
970 938
970 928
970 941
970 944
970 946
970 947
970 940
980 952
980 948
980 951
980 950
980 950
980 951
980 940
980 953
980 947
980 954
980 957
980 954
980 954
980 950
980 956
980 945
980 947
980 956
980 940
980 958
980 949
980 959
980 957
980 957
980 950
980 955
980 957
980 945
980 953
980 947
980 949
980 952
980 944
980 953
980 950
980 942
980 950
980 948
980 949
980 951
980 947
980 947
980 952
980 959
980 950
980 947
980 948
980 957
980 954
980 957
990 957
990 962
990 958
990 963
990 959
990 964
990 963
990 961
990 961
990 963
990 964
990 959
990 968
990 971
990 969
990 963
990 957
990 956
990 965
990 963
990 962
990 959
990 969
990 967
990 969
990 959
990 956
990 956
990 960
990 960
990 953
990 963
990 959
990 973
990 962
990 961
990 975
990 956
990 962
990 963
990 962
990 961
990 964
990 962
990 959
990 960
990 963
990 961
990 957
990 961
1000 972
1000 974
1000 980
1000 963
1000 979
1000 967
1000 976
1000 963
1000 970
1000 975
1000 974
1000 967
1000 979
1000 975
1000 960
1000 973
1000 977
1000 968
1000 974
1000 974
1000 981
1000 977
1000 975
1000 970
1000 967
1000 973
1000 960
1000 980
1000 974
1000 965
1000 967
1000 982
1000 968
1000 972
1000 974
1000 969
1000 968
1000 964
1000 971
1000 969
1000 964
1000 973
1000 969
1000 963
1000 972
1000 976
1000 967
1000 974
1000 976
1000 974
