10 3
10 4
10 4
10 4
10 3
10 3
10 3
10 4
10 4
10 3
10 4
10 3
10 3
10 4
10 4
10 4
10 5
10 4
10 4
10 3
10 5
10 5
10 3
10 3
10 3
10 4
10 3
10 5
10 5
10 5
10 2
10 3
10 3
10 6
10 3
10 3
10 2
10 4
10 4
10 4
10 2
10 4
10 4
10 3
10 3
10 4
10 2
10 3
10 4
10 2
20 6
20 7
20 5
20 6
20 5
20 4
20 6
20 5
20 7
20 8
20 4
20 9
20 6
20 6
20 8
20 6
20 5
20 6
20 7
20 4
20 6
20 5
20 6
20 6
20 5
20 5
20 7
20 9
20 5
20 6
20 6
20 6
20 5
20 6
20 7
20 5
20 5
20 8
20 7
20 7
20 6
20 7
20 4
20 8
20 6
20 5
20 6
20 7
20 4
20 5
30 7
30 6
30 6
30 7
30 8
30 7
30 8
30 7
30 7
30 10
30 7
30 11
30 10
30 6
30 8
30 7
30 8
30 8
30 7
30 6
30 6
30 7
30 8
30 9
30 8
30 7
30 6
30 7
30 8
30 7
30 6
30 6
30 7
30 6
30 8
30 8
30 9
30 6
30 9
30 5
30 9
30 9
30 9
30 8
30 7
30 5
30 7
30 8
30 7
30 8
40 7
40 8
40 9
40 10
40 7
40 9
40 7
40 8
40 8
40 7
40 7
40 8
40 8
40 9
40 9
40 10
40 8
40 7
40 10
40 11
40 9
40 9
40 8
40 9
40 8
40 7
40 8
40 6
40 8
40 9
40 6
40 8
40 11
40 6
40 9
40 7
40 8
40 10
40 10
40 10
40 7
40 10
40 10
40 7
40 7
40 8
40 11
40 9
40 15
40 9
50 8
50 7
50 10
50 7
50 10
50 9
50 9
50 8
50 10
50 10
50 8
50 8
50 9
50 12
50 8
50 10
50 10
50 9
50 8
50 9
50 7
50 8
50 9
50 9
50 10
50 8
50 8
50 12
50 9
50 9
50 7
50 8
50 9
50 10
50 10
50 8
50 9
50 9
50 11
50 8
50 7
50 11
50 9
50 7
50 7
50 11
50 9
50 9
50 9
50 11
60 14
60 9
60 10
60 9
60 11
60 8
60 9
60 7
60 9
60 14
60 8
60 10
60 10
60 9
60 10
60 16
60 8
60 11
60 9
60 12
60 8
60 10
60 10
60 9
60 10
60 9
60 11
60 9
60 8
60 9
60 11
60 11
60 10
60 9
60 12
60 8
60 9
60 8
60 11
60 9
60 8
60 11
60 10
60 11
60 10
60 11
60 12
60 10
60 10
60 15
70 11
70 10
70 11
70 9
70 7
70 10
70 9
70 13
70 9
70 10
70 9
70 10
70 10
70 10
70 10
70 10
70 10
70 11
70 9
70 10
70 11
70 11
70 9
70 9
70 9
70 11
70 12
70 14
70 10
70 10
70 9
70 8
70 8
70 12
70 10
70 10
70 9
70 9
70 11
70 13
70 11
70 11
70 9
70 10
70 11
70 9
70 12
70 10
70 10
70 11
80 11
80 9
80 11
80 11
80 10
80 13
80 11
80 13
80 13
80 12
80 11
80 12
80 10
80 11
80 10
80 12
80 11
80 10
80 10
80 12
80 9
80 9
80 10
80 11
80 12
80 13
80 10
80 9
80 10
80 12
80 10
80 11
80 9
80 15
80 10
80 12
80 9
80 10
80 9
80 11
80 10
80 11
80 11
80 9
80 10
80 9
80 11
80 11
80 10
80 13
90 9
90 15
90 14
90 11
90 12
90 12
90 13
90 11
90 13
90 9
90 10
90 9
90 13
90 13
90 17
90 13
90 11
90 13
90 12
90 13
90 9
90 10
90 13
90 11
90 10
90 9
90 12
90 11
90 12
90 10
90 9
90 15
90 12
90 9
90 10
90 14
90 14
90 14
90 13
90 13
90 10
90 12
90 9
90 12
90 10
90 10
90 12
90 15
90 12
90 12
100 10
100 11
100 15
100 11
100 12
100 11
100 11
100 12
100 12
100 10
100 14
100 11
100 11
100 12
100 11
100 11
100 11
100 9
100 13
100 12
100 11
100 16
100 11
100 11
100 12
100 12
100 11
100 10
100 10
100 11
100 13
100 15
100 11
100 11
100 8
100 11
100 11
100 13
100 10
100 12
100 15
100 13
100 12
100 12
100 14
100 9
100 12
100 10
100 11
100 13
110 14
110 13
110 14
110 14
110 12
110 15
110 12
110 11
110 13
110 12
110 12
110 12
110 11
110 11
110 13
110 12
110 10
110 11
110 12
110 13
110 13
110 16
110 13
110 14
110 16
110 11
110 11
110 15
110 12
110 11
110 11
110 10
110 13
110 10
110 13
110 12
110 11
110 10
110 15
110 10
110 11
110 13
110 10
110 10
110 13
110 13
110 14
110 12
110 15
110 11
120 12
120 14
120 10
120 11
120 14
120 14
120 14
120 13
120 12
120 11
120 13
120 11
120 14
120 11
120 9
120 16
120 10
120 11
120 17
120 14
120 11
120 11
120 11
120 13
120 14
120 12
120 12
120 10
120 14
120 17
120 12
120 12
120 13
120 17
120 18
120 14
120 12
120 12
120 12
120 14
120 11
120 11
120 10
120 12
120 12
120 14
120 11
120 13
120 12
120 15
130 17
130 12
130 14
130 15
130 16
130 13
130 11
130 10
130 14
130 20
130 13
130 11
130 13
130 12
130 12
130 14
130 12
130 10
130 11
130 16
130 15
130 12
130 12
130 15
130 12
130 14
130 13
130 11
130 17
130 10
130 13
130 10
130 12
130 12
130 10
130 11
130 11
130 12
130 13
130 13
130 13
130 12
130 16
130 12
130 12
130 13
130 15
130 14
130 12
130 11
140 14
140 14
140 13
140 11
140 11
140 12
140 11
140 11
140 12
140 11
140 11
140 17
140 13
140 13
140 11
140 12
140 16
140 12
140 14
140 13
140 11
140 13
140 15
140 13
140 14
140 13
140 14
140 13
140 13
140 11
140 15
140 12
140 13
140 12
140 12
140 11
140 12
140 15
140 13
140 13
140 12
140 17
140 14
140 12
140 15
140 11
140 11
140 14
140 12
140 12
150 11
150 13
150 12
150 12
150 13
150 16
150 11
150 12
150 14
150 13
150 12
150 18
150 11
150 14
150 17
150 13
150 11
150 15
150 12
150 10
150 12
150 11
150 15
150 13
150 11
150 13
150 12
150 13
150 15
150 13
150 15
150 11
150 15
150 14
150 13
150 13
150 12
150 12
150 18
150 14
150 13
150 16
150 13
150 15
150 12
150 13
150 14
150 12
150 16
150 16
160 13
160 15
160 13
160 14
160 12
160 14
160 15
160 12
160 13
160 14
160 15
160 17
160 12
160 10
160 14
160 13
160 16
160 13
160 13
160 17
160 13
160 14
160 16
160 13
160 13
160 15
160 12
160 14
160 12
160 15
160 13
160 13
160 14
160 15
160 15
160 15
160 18
160 15
160 14
160 13
160 12
160 14
160 14
160 12
160 13
160 11
160 13
160 14
160 12
160 12
170 14
170 11
170 15
170 14
170 12
170 13
170 14
170 13
170 14
170 12
170 14
170 17
170 12
170 12
170 14
170 12
170 14
170 14
170 16
170 14
170 12
170 13
170 14
170 15
170 15
170 13
170 14
170 14
170 13
170 13
170 15
170 14
170 16
170 13
170 13
170 17
170 15
170 15
170 11
170 14
170 14
170 14
170 12
170 12
170 15
170 13
170 12
170 12
170 16
170 16
180 15
180 15
180 13
180 12
180 15
180 12
180 12
180 14
180 15
180 14
180 14
180 14
180 13
180 14
180 13
180 14
180 12
180 14
180 13
180 16
180 16
180 12
180 16
180 14
180 16
180 14
180 13
180 13
180 12
180 12
180 13
180 13
180 13
180 13
180 11
180 13
180 13
180 15
180 13
180 13
180 13
180 14
180 13
180 15
180 16
180 13
180 15
180 14
180 14
180 13
190 14
190 14
190 13
190 16
190 12
190 15
190 12
190 16
190 13
190 17
190 17
190 16
190 12
190 12
190 17
190 12
190 14
190 13
190 19
190 14
190 14
190 13
190 12
190 15
190 14
190 17
190 16
190 14
190 10
190 13
190 11
190 19
190 16
190 14
190 12
190 20
190 14
190 12
190 17
190 13
190 12
190 14
190 16
190 15
190 18
190 14
190 16
190 14
190 14
190 15
200 16
200 13
200 15
200 13
200 13
200 14
200 15
200 17
200 17
200 17
200 13
200 12
200 15
200 15
200 13
200 15
200 15
200 14
200 12
200 12
200 13
200 14
200 13
200 17
200 17
200 17
200 12
200 14
200 14
200 12
200 14
200 15
200 12
200 13
200 12
200 14
200 13
200 17
200 15
200 11
200 16
200 11
200 15
200 16
200 13
200 12
200 16
200 14
200 15
200 14
210 15
210 16
210 13
210 14
210 15
210 13
210 13
210 14
210 13
210 15
210 16
210 17
210 14
210 17
210 11
210 12
210 14
210 16
210 14
210 12
210 18
210 18
210 17
210 13
210 13
210 15
210 16
210 14
210 17
210 15
210 15
210 13
210 20
210 17
210 14
210 13
210 15
210 14
210 12
210 13
210 15
210 18
210 12
210 14
210 14
210 14
210 18
210 15
210 17
210 15
220 17
220 18
220 14
220 13
220 14
220 13
220 12
220 18
220 12
220 17
220 17
220 16
220 13
220 14
220 14
220 14
220 14
220 13
220 14
220 14
220 15
220 14
220 12
220 16
220 12
220 16
220 16
220 13
220 14
220 15
220 18
220 17
220 18
220 14
220 16
220 16
220 18
220 20
220 16
220 15
220 12
220 16
220 15
220 18
220 14
220 18
220 17
220 18
220 13
220 15
230 15
230 14
230 14
230 13
230 15
230 15
230 16
230 15
230 20
230 17
230 17
230 19
230 16
230 15
230 15
230 18
230 13
230 13
230 15
230 14
230 12
230 18
230 19
230 14
230 14
230 15
230 18
230 15
230 15
230 13
230 14
230 17
230 13
230 17
230 14
230 18
230 15
230 15
230 12
230 14
230 14
230 13
230 15
230 14
230 17
230 18
230 16
230 15
230 13
230 17
240 15
240 16
240 15
240 15
240 13
240 19
240 14
240 13
240 14
240 13
240 20
240 14
240 16
240 14
240 16
240 15
240 14
240 13
240 16
240 14
240 18
240 15
240 14
240 12
240 14
240 17
240 12
240 14
240 13
240 12
240 15
240 13
240 16
240 12
240 16
240 18
240 16
240 14
240 14
240 19
240 15
240 13
240 13
240 14
240 18
240 15
240 14
240 12
240 15
240 15
250 16
250 14
250 12
250 13
250 14
250 13
250 19
250 14
250 15
250 16
250 18
250 16
250 17
250 12
250 15
250 18
250 16
250 13
250 16
250 14
250 14
250 15
250 18
250 13
250 17
250 16
250 14
250 16
250 16
250 17
250 18
250 17
250 17
250 14
250 19
250 15
250 16
250 17
250 14
250 14
250 14
250 15
250 14
250 16
250 15
250 16
250 17
250 19
250 16
250 13
260 16
260 16
260 16
260 15
260 14
260 15
260 18
260 17
260 17
260 18
260 20
260 14
260 16
260 15
260 15
260 13
260 18
260 17
260 16
260 15
260 14
260 18
260 17
260 14
260 15
260 17
260 14
260 14
260 15
260 12
260 18
260 16
260 17
260 14
260 14
260 12
260 16
260 16
260 14
260 19
260 17
260 13
260 15
260 12
260 15
260 14
260 12
260 16
260 16
260 17
270 21
270 17
270 17
270 17
270 16
270 15
270 14
270 16
270 16
270 22
270 22
270 17
270 13
270 15
270 14
270 15
270 15
270 15
270 18
270 16
270 14
270 15
270 15
270 15
270 15
270 16
270 17
270 14
270 17
270 16
270 18
270 16
270 12
270 16
270 17
270 14
270 13
270 15
270 16
270 18
270 19
270 14
270 17
270 14
270 18
270 17
270 18
270 15
270 14
270 19
280 14
280 18
280 14
280 16
280 13
280 13
280 17
280 15
280 22
280 19
280 14
280 14
280 14
280 13
280 20
280 15
280 16
280 17
280 16
280 14
280 15
280 13
280 15
280 16
280 15
280 16
280 17
280 18
280 14
280 14
280 19
280 15
280 16
280 18
280 16
280 19
280 13
280 19
280 16
280 17
280 15
280 16
280 13
280 15
280 14
280 18
280 15
280 16
280 15
280 17
290 20
290 13
290 16
290 13
290 17
290 21
290 18
290 15
290 20
290 17
290 19
290 21
290 14
290 14
290 16
290 16
290 20
290 14
290 15
290 19
290 14
290 18
290 17
290 15
290 15
290 15
290 14
290 15
290 16
290 18
290 14
290 17
290 16
290 14
290 17
290 17
290 16
290 16
290 15
290 20
290 14
290 17
290 17
290 19
290 14
290 16
290 15
290 16
290 14
290 15
300 14
300 14
300 17
300 17
300 14
300 17
300 19
300 17
300 14
300 16
300 15
300 17
300 22
300 15
300 14
300 14
300 17
300 15
300 15
300 15
300 18
300 16
300 16
300 16
300 18
300 16
300 15
300 14
300 18
300 16
300 14
300 16
300 16
300 14
300 18
300 12
300 18
300 15
300 18
300 16
300 17
300 16
300 17
300 13
300 16
300 19
300 17
300 17
300 14
300 17
310 17
310 15
310 14
310 14
310 15
310 15
310 15
310 14
310 18
310 15
310 19
310 17
310 16
310 15
310 15
310 18
310 17
310 14
310 17
310 16
310 18
310 17
310 17
310 15
310 19
310 14
310 15
310 14
310 16
310 17
310 17
310 14
310 16
310 15
310 13
310 14
310 14
310 17
310 15
310 19
310 14
310 15
310 18
310 17
310 16
310 18
310 18
310 18
310 17
310 17
320 15
320 14
320 18
320 15
320 19
320 16
320 14
320 19
320 16
320 14
320 18
320 17
320 16
320 16
320 17
320 14
320 16
320 13
320 18
320 17
320 14
320 14
320 18
320 20
320 16
320 19
320 17
320 15
320 16
320 15
320 17
320 14
320 18
320 15
320 18
320 17
320 15
320 16
320 18
320 17
320 18
320 17
320 14
320 17
320 16
320 16
320 13
320 17
320 17
320 18
330 15
330 16
330 18
330 17
330 17
330 16
330 16
330 20
330 16
330 13
330 14
330 17
330 18
330 14
330 17
330 16
330 18
330 19
330 17
330 15
330 23
330 19
330 16
330 14
330 18
330 15
330 17
330 13
330 14
330 16
330 15
330 24
330 17
330 18
330 17
330 20
330 15
330 18
330 13
330 17
330 16
330 16
330 16
330 15
330 13
330 17
330 17
330 21
330 16
330 14
340 18
340 18
340 18
340 18
340 16
340 13
340 17
340 14
340 22
340 17
340 13
340 18
340 19
340 18
340 18
340 15
340 16
340 16
340 18
340 18
340 19
340 15
340 17
340 17
340 17
340 17
340 19
340 14
340 15
340 20
340 17
340 15
340 17
340 17
340 13
340 14
340 14
340 17
340 15
340 14
340 18
340 18
340 16
340 14
340 13
340 16
340 14
340 18
340 18
340 16
350 16
350 17
350 14
350 16
350 15
350 19
350 19
350 18
350 16
350 18
350 15
350 16
350 15
350 16
350 15
350 16
350 19
350 16
350 15
350 19
350 16
350 17
350 16
350 14
350 17
350 16
350 16
350 18
350 13
350 19
350 16
350 16
350 18
350 15
350 14
350 15
350 17
350 16
350 17
350 15
350 15
350 17
350 14
350 19
350 18
350 17
350 13
350 15
350 15
350 16
360 13
360 21
360 22
360 16
360 17
360 15
360 16
360 15
360 18
360 14
360 16
360 17
360 15
360 18
360 17
360 20
360 17
360 17
360 16
360 17
360 16
360 19
360 19
360 13
360 19
360 14
360 18
360 15
360 18
360 17
360 16
360 24
360 16
360 16
360 15
360 15
360 16
360 19
360 17
360 15
360 16
360 19
360 14
360 18
360 13
360 16
360 17
360 14
360 19
360 22
370 14
370 17
370 18
370 17
370 16
370 22
370 18
370 17
370 14
370 16
370 19
370 16
370 15
370 16
370 16
370 16
370 17
370 15
370 15
370 14
370 19
370 16
370 17
370 15
370 19
370 15
370 15
370 17
370 21
370 19
370 16
370 17
370 20
370 17
370 16
370 17
370 18
370 15
370 18
370 15
370 19
370 15
370 20
370 16
370 17
370 16
370 21
370 18
370 17
370 18
380 18
380 14
380 19
380 16
380 14
380 15
380 17
380 17
380 17
380 15
380 16
380 15
380 17
380 16
380 16
380 17
380 18
380 18
380 16
380 20
380 23
380 17
380 15
380 19
380 16
380 16
380 19
380 15
380 15
380 18
380 15
380 16
380 17
380 15
380 18
380 19
380 16
380 17
380 16
380 17
380 16
380 17
380 15
380 16
380 15
380 16
380 18
380 18
380 17
380 15
390 19
390 17
390 14
390 20
390 16
390 17
390 18
390 16
390 17
390 14
390 20
390 20
390 16
390 15
390 18
390 18
390 17
390 17
390 18
390 17
390 15
390 13
390 19
390 15
390 14
390 18
390 17
390 18
390 22
390 15
390 15
390 16
390 16
390 16
390 18
390 20
390 14
390 17
390 16
390 17
390 15
390 19
390 18
390 16
390 17
390 18
390 19
390 15
390 15
390 15
400 16
400 20
400 16
400 20
400 17
400 20
400 17
400 19
400 15
400 17
400 19
400 16
400 18
400 21
400 16
400 15
400 16
400 22
400 17
400 15
400 14
400 16
400 15
400 18
400 18
400 20
400 18
400 20
400 15
400 16
400 18
400 15
400 15
400 21
400 18
400 21
400 19
400 20
400 18
400 17
400 21
400 20
400 16
400 17
400 16
400 15
400 14
400 17
400 17
400 14
410 17
410 20
410 18
410 17
410 16
410 18
410 21
410 16
410 19
410 16
410 15
410 17
410 19
410 16
410 16
410 16
410 18
410 21
410 19
410 17
410 15
410 19
410 21
410 20
410 16
410 16
410 18
410 20
410 17
410 16
410 17
410 18
410 18
410 16
410 22
410 17
410 16
410 17
410 18
410 15
410 17
410 15
410 17
410 16
410 16
410 16
410 17
410 18
410 19
410 15
420 16
420 15
420 20
420 18
420 20
420 17
420 17
420 17
420 18
420 17
420 17
420 16
420 20
420 19
420 22
420 17
420 18
420 22
420 19
420 17
420 15
420 21
420 18
420 16
420 18
420 17
420 18
420 18
420 15
420 15
420 17
420 15
420 17
420 18
420 16
420 14
420 15
420 17
420 19
420 15
420 18
420 17
420 18
420 14
420 21
420 16
420 17
420 17
420 16
420 19
430 16
430 15
430 18
430 19
430 14
430 16
430 14
430 18
430 16
430 19
430 16
430 20
430 16
430 16
430 21
430 19
430 18
430 16
430 16
430 16
430 16
430 18
430 19
430 18
430 14
430 16
430 17
430 16
430 15
430 17
430 16
430 23
430 14
430 15
430 21
430 17
430 19
430 21
430 18
430 15
430 19
430 17
430 17
430 18
430 18
430 19
430 18
430 18
430 18
430 17
440 17
440 20
440 16
440 17
440 20
440 19
440 18
440 16
440 21
440 18
440 17
440 22
440 17
440 15
440 16
440 14
440 18
440 17
440 15
440 16
440 19
440 19
440 16
440 17
440 18
440 21
440 19
440 19
440 20
440 17
440 19
440 18
440 17
440 19
440 20
440 18
440 16
440 16
440 18
440 21
440 19
440 17
440 17
440 19
440 19
440 15
440 19
440 20
440 15
440 16
450 17
450 18
450 17
450 16
450 17
450 20
450 18
450 15
450 16
450 17
450 18
450 16
450 17
450 16
450 16
450 17
450 18
450 16
450 16
450 18
450 18
450 15
450 18
450 21
450 17
450 15
450 18
450 17
450 16
450 16
450 21
450 16
450 18
450 18
450 17
450 20
450 18
450 15
450 15
450 16
450 19
450 15
450 17
450 18
450 17
450 17
450 18
450 15
450 15
450 19
460 17
460 17
460 18
460 14
460 19
460 17
460 20
460 20
460 16
460 17
460 21
460 19
460 18
460 16
460 17
460 17
460 19
460 16
460 17
460 18
460 19
460 16
460 21
460 17
460 15
460 16
460 19
460 20
460 18
460 18
460 17
460 19
460 17
460 19
460 17
460 19
460 20
460 17
460 16
460 20
460 18
460 18
460 19
460 16
460 21
460 16
460 17
460 18
460 18
460 17
470 20
470 16
470 18
470 21
470 20
470 16
470 16
470 21
470 18
470 20
470 17
470 17
470 17
470 15
470 19
470 20
470 19
470 16
470 19
470 16
470 18
470 18
470 20
470 18
470 19
470 21
470 16
470 16
470 20
470 19
470 16
470 19
470 18
470 14
470 18
470 20
470 21
470 20
470 16
470 18
470 16
470 19
470 17
470 18
470 19
470 17
470 19
470 16
470 17
470 18
480 21
480 15
480 17
480 15
480 18
480 15
480 16
480 20
480 17
480 20
480 16
480 17
480 15
480 19
480 18
480 18
480 16
480 16
480 17
480 22
480 18
480 15
480 19
480 20
480 17
480 16
480 16
480 18
480 19
480 16
480 15
480 19
480 18
480 16
480 18
480 16
480 21
480 17
480 21
480 19
480 16
480 16
480 16
480 16
480 18
480 20
480 16
480 16
480 18
480 22
490 16
490 17
490 23
490 17
490 19
490 15
490 20
490 16
490 19
490 15
490 17
490 15
490 21
490 18
490 16
490 20
490 20
490 16
490 17
490 18
490 21
490 18
490 16
490 16
490 15
490 14
490 20
490 18
490 23
490 18
490 17
490 17
490 16
490 15
490 18
490 18
490 17
490 16
490 18
490 20
490 20
490 18
490 20
490 22
490 17
490 19
490 17
490 16
490 16
490 15
500 16
500 19
500 20
500 17
500 20
500 19
500 19
500 17
500 14
500 19
500 20
500 17
500 18
500 22
500 20
500 14
500 20
500 17
500 16
500 20
500 17
500 18
500 15
500 16
500 17
500 20
500 18
500 17
500 18
500 17
500 19
500 16
500 20
500 19
500 15
500 14
500 17
500 18
500 16
500 16
500 20
500 16
500 23
500 17
500 24
500 17
500 19
500 21
500 17
500 22
510 21
510 17
510 14
510 18
510 16
510 19
510 20
510 18
510 18
510 18
510 20
510 20
510 17
510 19
510 17
510 17
510 19
510 17
510 17
510 18
510 16
510 18
510 19
510 18
510 18
510 17
510 17
510 16
510 22
510 19
510 17
510 16
510 19
510 19
510 16
510 17
510 18
510 18
510 20
510 17
510 17
510 17
510 20
510 18
510 19
510 18
510 16
510 20
510 16
510 16
520 19
520 21
520 19
520 18
520 16
520 20
520 20
520 20
520 16
520 20
520 20
520 17
520 18
520 16
520 17
520 17
520 19
520 17
520 16
520 23
520 21
520 17
520 16
520 18
520 18
520 16
520 16
520 20
520 19
520 20
520 20
520 17
520 22
520 15
520 17
520 19
520 19
520 19
520 23
520 20
520 17
520 17
520 20
520 15
520 15
520 20
520 24
520 19
520 19
520 17
530 16
530 19
530 21
530 18
530 17
530 18
530 19
530 22
530 18
530 18
530 20
530 17
530 19
530 17
530 18
530 18
530 18
530 18
530 16
530 19
530 17
530 17
530 19
530 16
530 17
530 19
530 18
530 17
530 22
530 20
530 19
530 21
530 14
530 20
530 20
530 20
530 16
530 18
530 17
530 21
530 19
530 21
530 19
530 20
530 19
530 18
530 16
530 15
530 18
530 20
540 20
540 19
540 18
540 17
540 19
540 18
540 19
540 17
540 16
540 22
540 16
540 18
540 20
540 17
540 19
540 17
540 17
540 18
540 21
540 16
540 17
540 17
540 20
540 23
540 18
540 18
540 18
540 16
540 20
540 18
540 18
540 16
540 18
540 19
540 19
540 18
540 18
540 18
540 16
540 20
540 19
540 18
540 18
540 19
540 20
540 19
540 16
540 17
540 18
540 15
550 18
550 16
550 19
550 20
550 18
550 18
550 18
550 18
550 20
550 17
550 15
550 16
550 18
550 17
550 17
550 19
550 17
550 17
550 20
550 19
550 17
550 18
550 19
550 19
550 21
550 19
550 17
550 18
550 20
550 18
550 17
550 16
550 19
550 16
550 17
550 16
550 19
550 17
550 19
550 20
550 17
550 19
550 20
550 16
550 20
550 18
550 19
550 17
550 19
550 15
560 16
560 18
560 18
560 18
560 17
560 17
560 17
560 17
560 16
560 18
560 22
560 19
560 17
560 17
560 22
560 18
560 19
560 21
560 18
560 17
560 19
560 18
560 22
560 17
560 16
560 19
560 19
560 17
560 16
560 18
560 16
560 19
560 16
560 18
560 18
560 15
560 20
560 18
560 17
560 21
560 18
560 22
560 18
560 18
560 20
560 20
560 17
560 16
560 21
560 19
570 20
570 20
570 20
570 20
570 16
570 21
570 22
570 17
570 21
570 20
570 20
570 21
570 17
570 19
570 15
570 19
570 16
570 21
570 20
570 18
570 20
570 17
570 19
570 20
570 19
570 22
570 15
570 18
570 23
570 21
570 17
570 18
570 16
570 18
570 19
570 22
570 17
570 17
570 16
570 19
570 19
570 22
570 19
570 19
570 16
570 16
570 22
570 21
570 19
570 20
580 17
580 20
580 19
580 18
580 16
580 21
580 18
580 18
580 19
580 19
580 19
580 21
580 20
580 17
580 22
580 19
580 21
580 19
580 18
580 18
580 18
580 17
580 17
580 15
580 19
580 17
580 19
580 18
580 18
580 25
580 17
580 16
580 16
580 18
580 19
580 17
580 17
580 17
580 22
580 17
580 18
580 17
580 18
580 19
580 21
580 19
580 18
580 23
580 23
580 22
590 20
590 18
590 17
590 20
590 19
590 18
590 21
590 18
590 18
590 16
590 18
590 23
590 21
590 19
590 17
590 21
590 21
590 18
590 16
590 17
590 18
590 20
590 21
590 24
590 17
590 18
590 19
590 16
590 18
590 18
590 20
590 20
590 16
590 19
590 16
590 18
590 19
590 18
590 18
590 20
590 18
590 21
590 21
590 22
590 18
590 19
590 19
590 18
590 17
590 19
600 20
600 15
600 19
600 21
600 16
600 19
600 19
600 18
600 18
600 23
600 19
600 18
600 18
600 17
600 21
600 17
600 17
600 18
600 17
600 16
600 19
600 20
600 18
600 20
600 16
600 17
600 21
600 19
600 22
600 17
600 15
600 21
600 17
600 18
600 22
600 17
600 19
600 19
600 18
600 18
600 21
600 17
600 17
600 18
600 16
600 20
600 19
600 18
600 18
600 17
610 17
610 19
610 19
610 18
610 20
610 19
610 19
610 20
610 20
610 19
610 17
610 19
610 16
610 16
610 21
610 17
610 20
610 19
610 18
610 18
610 20
610 19
610 19
610 17
610 21
610 19
610 19
610 19
610 19
610 19
610 22
610 21
610 23
610 19
610 15
610 19
610 19
610 20
610 18
610 21
610 17
610 21
610 21
610 19
610 19
610 19
610 21
610 20
610 19
610 20
620 17
620 17
620 19
620 20
620 19
620 22
620 17
620 21
620 24
620 19
620 18
620 20
620 17
620 18
620 19
620 20
620 18
620 21
620 18
620 17
620 17
620 20
620 18
620 18
620 19
620 20
620 17
620 19
620 18
620 23
620 23
620 19
620 17
620 20
620 20
620 16
620 18
620 21
620 21
620 17
620 18
620 19
620 20
620 17
620 17
620 19
620 22
620 19
620 17
620 17
630 22
630 14
630 21
630 17
630 19
630 16
630 20
630 18
630 18
630 22
630 17
630 22
630 17
630 21
630 21
630 22
630 17
630 18
630 17
630 17
630 16
630 17
630 15
630 19
630 20
630 22
630 17
630 17
630 20
630 19
630 21
630 16
630 18
630 18
630 16
630 18
630 16
630 19
630 18
630 20
630 17
630 21
630 17
630 16
630 22
630 20
630 17
630 16
630 18
630 19
640 18
640 17
640 21
640 19
640 21
640 17
640 19
640 19
640 19
640 18
640 15
640 21
640 22
640 19
640 18
640 19
640 23
640 21
640 15
640 19
640 21
640 17
640 18
640 18
640 21
640 21
640 19
640 18
640 18
640 17
640 17
640 19
640 18
640 20
640 17
640 17
640 20
640 17
640 23
640 17
640 17
640 22
640 20
640 20
640 18
640 20
640 21
640 17
640 14
640 18
650 21
650 17
650 19
650 19
650 19
650 18
650 18
650 19
650 19
650 16
650 17
650 19
650 18
650 18
650 19
650 18
650 21
650 18
650 17
650 16
650 19
650 19
650 18
650 20
650 19
650 19
650 17
650 18
650 21
650 18
650 18
650 15
650 16
650 17
650 17
650 21
650 18
650 21
650 21
650 22
650 17
650 17
650 18
650 21
650 19
650 20
650 18
650 19
650 19
650 20
660 20
660 18
660 24
660 18
660 17
660 20
660 18
660 18
660 17
660 18
660 24
660 21
660 23
660 16
660 22
660 18
660 18
660 16
660 17
660 20
660 21
660 17
660 18
660 19
660 21
660 19
660 20
660 19
660 20
660 22
660 20
660 17
660 17
660 20
660 21
660 20
660 19
660 20
660 19
660 17
660 21
660 18
660 18
660 17
660 18
660 21
660 18
660 20
660 21
660 19
670 19
670 17
670 16
670 19
670 22
670 20
670 21
670 21
670 23
670 18
670 19
670 16
670 22
670 19
670 23
670 18
670 19
670 16
670 16
670 20
670 18
670 18
670 18
670 18
670 19
670 18
670 18
670 18
670 19
670 16
670 18
670 19
670 18
670 21
670 19
670 22
670 20
670 16
670 19
670 21
670 20
670 20
670 22
670 16
670 21
670 18
670 25
670 21
670 19
670 20
680 20
680 18
680 19
680 17
680 20
680 19
680 21
680 21
680 18
680 24
680 17
680 22
680 23
680 19
680 18
680 21
680 17
680 18
680 18
680 22
680 19
680 20
680 20
680 21
680 19
680 19
680 17
680 20
680 20
680 19
680 16
680 23
680 17
680 22
680 18
680 18
680 16
680 24
680 26
680 18
680 21
680 20
680 19
680 19
680 21
680 17
680 22
680 22
680 18
680 20
690 18
690 19
690 19
690 18
690 19
690 18
690 18
690 18
690 18
690 20
690 21
690 20
690 19
690 18
690 21
690 20
690 18
690 20
690 21
690 20
690 21
690 16
690 17
690 19
690 18
690 19
690 17
690 17
690 17
690 23
690 18
690 19
690 17
690 19
690 20
690 19
690 21
690 18
690 16
690 19
690 19
690 19
690 20
690 20
690 17
690 21
690 22
690 20
690 17
690 17
700 19
700 21
700 19
700 18
700 23
700 23
700 19
700 26
700 19
700 17
700 17
700 19
700 19
700 19
700 22
700 19
700 17
700 19
700 18
700 23
700 23
700 19
700 18
700 18
700 17
700 18
700 17
700 19
700 20
700 18
700 24
700 16
700 16
700 19
700 21
700 16
700 18
700 21
700 17
700 19
700 20
700 19
700 18
700 18
700 19
700 18
700 19
700 18
700 18
700 17
710 21
710 23
710 18
710 21
710 18
710 20
710 16
710 19
710 20
710 20
710 22
710 19
710 25
710 23
710 18
710 22
710 20
710 18
710 15
710 24
710 16
710 21
710 20
710 22
710 19
710 18
710 22
710 18
710 21
710 23
710 17
710 21
710 18
710 22
710 18
710 20
710 18
710 19
710 18
710 20
710 17
710 21
710 19
710 24
710 21
710 18
710 21
710 21
710 17
710 21
720 17
720 18
720 18
720 20
720 20
720 18
720 23
720 21
720 19
720 24
720 19
720 17
720 21
720 19
720 24
720 24
720 21
720 19
720 23
720 24
720 17
720 22
720 22
720 16
720 20
720 21
720 20
720 22
720 19
720 21
720 21
720 21
720 17
720 22
720 25
720 22
720 22
720 19
720 21
720 19
720 18
720 18
720 17
720 19
720 18
720 19
720 19
720 19
720 19
720 19
730 21
730 19
730 22
730 21
730 19
730 27
730 20
730 18
730 20
730 20
730 19
730 21
730 24
730 17
730 20
730 21
730 20
730 20
730 19
730 18
730 22
730 17
730 20
730 19
730 20
730 17
730 17
730 19
730 16
730 18
730 18
730 21
730 20
730 17
730 19
730 19
730 19
730 18
730 18
730 18
730 20
730 20
730 18
730 17
730 20
730 20
730 18
730 19
730 20
730 17
740 16
740 19
740 22
740 23
740 18
740 18
740 18
740 20
740 21
740 17
740 17
740 18
740 20
740 23
740 19
740 23
740 20
740 18
740 22
740 21
740 19
740 22
740 18
740 18
740 15
740 18
740 24
740 18
740 19
740 19
740 19
740 23
740 18
740 18
740 20
740 17
740 23
740 19
740 19
740 18
740 20
740 18
740 21
740 22
740 20
740 18
740 21
740 18
740 19
740 21
750 19
750 20
750 18
750 17
750 18
750 20
750 19
750 17
750 20
750 22
750 20
750 22
750 17
750 19
750 19
750 21
750 20
750 20
750 21
750 22
750 18
750 18
750 19
750 21
750 19
750 18
750 19
750 20
750 21
750 18
750 19
750 21
750 19
750 17
750 20
750 19
750 23
750 21
750 21
750 19
750 16
750 17
750 20
750 16
750 16
750 17
750 20
750 18
750 18
750 19
760 19
760 18
760 24
760 19
760 20
760 21
760 18
760 20
760 20
760 23
760 19
760 19
760 22
760 24
760 21
760 23
760 20
760 18
760 22
760 18
760 22
760 18
760 20
760 19
760 22
760 24
760 19
760 20
760 19
760 22
760 20
760 20
760 18
760 18
760 18
760 19
760 18
760 19
760 21
760 20
760 19
760 22
760 19
760 19
760 19
760 23
760 18
760 21
760 22
760 20
770 21
770 25
770 20
770 19
770 16
770 21
770 19
770 20
770 24
770 18
770 21
770 20
770 19
770 17
770 18
770 20
770 22
770 22
770 17
770 18
770 21
770 18
770 21
770 20
770 16
770 20
770 25
770 20
770 20
770 23
770 19
770 18
770 23
770 19
770 21
770 21
770 24
770 18
770 18
770 18
770 19
770 23
770 19
770 21
770 21
770 17
770 19
770 20
770 20
770 19
780 21
780 18
780 19
780 21
780 18
780 18
780 18
780 23
780 18
780 19
780 20
780 19
780 19
780 19
780 19
780 19
780 22
780 19
780 19
780 19
780 20
780 17
780 20
780 20
780 19
780 19
780 18
780 18
780 19
780 20
780 18
780 21
780 21
780 20
780 20
780 18
780 20
780 20
780 19
780 19
780 19
780 18
780 20
780 19
780 18
780 20
780 29
780 18
780 21
780 19
790 20
790 18
790 22
790 22
790 17
790 19
790 24
790 25
790 17
790 21
790 17
790 19
790 19
790 24
790 22
790 22
790 25
790 22
790 23
790 22
790 21
790 17
790 21
790 19
790 19
790 17
790 18
790 21
790 21
790 18
790 19
790 22
790 20
790 20
790 17
790 18
790 19
790 22
790 21
790 19
790 21
790 19
790 21
790 19
790 19
790 18
790 21
790 18
790 20
790 18
800 19
800 17
800 19
800 20
800 17
800 21
800 20
800 18
800 20
800 21
800 20
800 21
800 18
800 17
800 20
800 25
800 25
800 20
800 19
800 20
800 21
800 20
800 17
800 22
800 24
800 19
800 16
800 19
800 17
800 18
800 18
800 23
800 21
800 20
800 17
800 24
800 22
800 25
800 20
800 20
800 21
800 20
800 23
800 16
800 21
800 23
800 21
800 20
800 20
800 21
810 20
810 18
810 21
810 19
810 19
810 18
810 20
810 17
810 19
810 20
810 17
810 20
810 22
810 20
810 21
810 25
810 19
810 20
810 21
810 18
810 19
810 20
810 21
810 20
810 17
810 18
810 22
810 20
810 19
810 21
810 19
810 21
810 23
810 19
810 18
810 19
810 19
810 17
810 21
810 20
810 21
810 20
810 22
810 18
810 18
810 21
810 17
810 22
810 16
810 20
820 19
820 21
820 18
820 24
820 21
820 21
820 23
820 20
820 21
820 19
820 22
820 19
820 18
820 17
820 22
820 18
820 19
820 16
820 20
820 19
820 21
820 17
820 20
820 21
820 19
820 19
820 18
820 19
820 20
820 17
820 18
820 18
820 19
820 17
820 24
820 22
820 17
820 20
820 19
820 23
820 22
820 21
820 24
820 19
820 16
820 20
820 20
820 20
820 24
820 19
830 18
830 20
830 20
830 19
830 19
830 19
830 20
830 17
830 18
830 20
830 20
830 16
830 17
830 23
830 18
830 19
830 21
830 21
830 19
830 24
830 18
830 18
830 24
830 20
830 20
830 22
830 21
830 18
830 20
830 22
830 18
830 19
830 18
830 19
830 22
830 20
830 18
830 20
830 20
830 19
830 18
830 17
830 23
830 21
830 21
830 21
830 21
830 17
830 19
830 25
840 22
840 17
840 20
840 20
840 24
840 21
840 26
840 20
840 18
840 21
840 18
840 19
840 21
840 19
840 22
840 17
840 19
840 20
840 23
840 25
840 18
840 20
840 22
840 21
840 18
840 23
840 20
840 20
840 18
840 22
840 19
840 19
840 21
840 19
840 19
840 18
840 19
840 21
840 19
840 19
840 18
840 21
840 20
840 22
840 22
840 22
840 19
840 22
840 19
840 19
850 21
850 20
850 19
850 21
850 21
850 20
850 18
850 20
850 18
850 19
850 20
850 17
850 20
850 21
850 22
850 20
850 20
850 20
850 20
850 21
850 19
850 24
850 25
850 18
850 20
850 25
850 20
850 21
850 21
850 24
850 19
850 18
850 19
850 20
850 20
850 20
850 22
850 24
850 22
850 17
850 20
850 17
850 19
850 19
850 19
850 20
850 17
850 23
850 16
850 19
860 21
860 23
860 17
860 22
860 20
860 22
860 20
860 19
860 19
860 22
860 17
860 23
860 20
860 19
860 25
860 22
860 21
860 19
860 20
860 20
860 18
860 21
860 17
860 23
860 20
860 21
860 25
860 21
860 20
860 21
860 20
860 20
860 20
860 21
860 19
860 23
860 19
860 18
860 20
860 21
860 18
860 22
860 18
860 23
860 18
860 20
860 23
860 20
860 20
860 20
870 23
870 20
870 26
870 23
870 21
870 19
870 20
870 20
870 22
870 18
870 24
870 19
870 19
870 22
870 21
870 19
870 19
870 20
870 19
870 24
870 19
870 21
870 18
870 20
870 20
870 20
870 22
870 20
870 18
870 19
870 22
870 17
870 23
870 23
870 23
870 22
870 19
870 22
870 19
870 22
870 26
870 20
870 17
870 20
870 19
870 23
870 22
870 21
870 18
870 19
880 21
880 21
880 22
880 18
880 19
880 21
880 20
880 20
880 19
880 18
880 18
880 22
880 26
880 22
880 20
880 23
880 18
880 19
880 22
880 19
880 21
880 18
880 18
880 18
880 18
880 23
880 20
880 20
880 20
880 20
880 19
880 19
880 18
880 19
880 20
880 20
880 16
880 19
880 19
880 23
880 22
880 19
880 21
880 25
880 21
880 19
880 19
880 21
880 23
880 24
890 19
890 18
890 21
890 19
890 17
890 19
890 16
890 21
890 26
890 26
890 19
890 20
890 19
890 24
890 18
890 20
890 23
890 20
890 20
890 19
890 21
890 18
890 17
890 19
890 20
890 20
890 24
890 20
890 17
890 22
890 21
890 19
890 19
890 24
890 20
890 20
890 20
890 21
890 17
890 19
890 20
890 19
890 22
890 25
890 24
890 20
890 20
890 21
890 19
890 21
900 19
900 22
900 22
900 23
900 21
900 21
900 23
900 19
900 19
900 20
900 20
900 22
900 17
900 16
900 22
900 19
900 19
900 19
900 21
900 22
900 22
900 23
900 23
900 19
900 20
900 22
900 18
900 21
900 19
900 17
900 21
900 21
900 22
900 22
900 21
900 22
900 23
900 21
900 18
900 20
900 25
900 18
900 18
900 20
900 24
900 23
900 20
900 20
900 24
900 18
910 22
910 21
910 21
910 21
910 17
910 19
910 20
910 21
910 20
910 19
910 19
910 16
910 21
910 18
910 20
910 20
910 19
910 17
910 17
910 21
910 22
910 22
910 20
910 21
910 19
910 18
910 18
910 24
910 18
910 21
910 22
910 19
910 22
910 21
910 20
910 21
910 20
910 21
910 21
910 21
910 21
910 19
910 21
910 20
910 21
910 20
910 22
910 21
910 21
910 20
920 21
920 26
920 19
920 19
920 18
920 19
920 20
920 18
920 21
920 20
920 22
920 21
920 23
920 20
920 20
920 19
920 20
920 20
920 23
920 20
920 19
920 21
920 21
920 17
920 19
920 19
920 20
920 22
920 23
920 20
920 20
920 22
920 20
920 19
920 27
920 22
920 19
920 24
920 20
920 23
920 19
920 18
920 20
920 17
920 21
920 19
920 22
920 23
920 21
920 20
930 19
930 20
930 21
930 23
930 26
930 20
930 19
930 20
930 19
930 22
930 19
930 22
930 19
930 17
930 20
930 18
930 18
930 24
930 18
930 19
930 21
930 19
930 18
930 19
930 21
930 21
930 22
930 19
930 20
930 19
930 19
930 20
930 20
930 19
930 18
930 22
930 19
930 18
930 19
930 22
930 20
930 17
930 20
930 22
930 19
930 20
930 22
930 16
930 22
930 23
940 20
940 20
940 20
940 20
940 20
940 24
940 22
940 23
940 20
940 20
940 19
940 24
940 22
940 21
940 18
940 21
940 19
940 21
940 20
940 22
940 17
940 19
940 18
940 21
940 25
940 18
940 24
940 21
940 18
940 19
940 23
940 23
940 21
940 21
940 19
940 18
940 23
940 18
940 20
940 19
940 19
940 22
940 21
940 24
940 23
940 20
940 20
940 18
940 24
940 21
950 21
950 18
950 18
950 22
950 21
950 23
950 18
950 23
950 18
950 21
950 18
950 22
950 19
950 22
950 20
950 18
950 23
950 21
950 20
950 23
950 23
950 18
950 21
950 19
950 20
950 22
950 18
950 19
950 20
950 19
950 22
950 20
950 24
950 19
950 21
950 24
950 18
950 20
950 17
950 20
950 23
950 23
950 18
950 24
950 20
950 23
950 18
950 16
950 21
950 19
960 23
960 18
960 25
960 21
960 19
960 23
960 21
960 23
960 18
960 19
960 21
960 20
960 20
960 18
960 21
960 21
960 20
960 22
960 20
960 21
960 17
960 21
960 21
960 21
960 17
960 21
960 19
960 19
960 17
960 19
960 22
960 20
960 21
960 19
960 21
960 19
960 20
960 19
960 21
960 20
960 18
960 19
960 21
960 23
960 21
960 20
960 21
960 19
960 23
960 18
970 20
970 19
970 18
970 21
970 23
970 18
970 25
970 17
970 19
970 22
970 18
970 19
970 21
970 19
970 20
970 21
970 23
970 23
970 21
970 19
970 19
970 25
970 19
970 21
970 20
970 22
970 21
970 19
970 22
970 19
970 23
970 19
970 19
970 20
970 22
970 21
970 21
970 21
970 19
970 25
970 19
970 21
970 20
970 17
970 19
970 20
970 23
970 24
970 19
970 26
980 19
980 20
980 19
980 19
980 20
980 21
980 17
980 21
980 22
980 20
980 17
980 19
980 19
980 20
980 20
980 16
980 20
980 24
980 20
980 23
980 21
980 21
980 25
980 23
980 23
980 20
980 22
980 28
980 21
980 22
980 20
980 25
980 24
980 20
980 21
980 21
980 20
980 22
980 21
980 18
980 22
980 22
980 20
980 20
980 22
980 19
980 19
980 22
980 20
980 19
990 17
990 21
990 19
990 19
990 20
990 22
990 22
990 22
990 21
990 19
990 21
990 16
990 21
990 22
990 19
990 19
990 18
990 19
990 19
990 20
990 20
990 20
990 20
990 25
990 24
990 21
990 24
990 17
990 23
990 19
990 22
990 19
990 23
990 22
990 23
990 20
990 26
990 22
990 19
990 20
990 20
990 24
990 19
990 18
990 23
990 20
990 20
990 23
990 17
990 23
1000 25
1000 22
1000 19
1000 19
1000 20
1000 20
1000 22
1000 19
1000 19
1000 20
1000 20
1000 23
1000 25
1000 21
1000 18
1000 20
1000 24
1000 23
1000 19
1000 30
1000 22
1000 19
1000 25
1000 21
1000 20
1000 20
1000 20
1000 27
1000 19
1000 16
1000 21
1000 20
1000 23
1000 18
1000 18
1000 19
1000 21
1000 19
1000 18
1000 19
1000 21
1000 23
1000 22
1000 21
1000 20
1000 24
1000 20
1000 21
1000 25
1000 22
