10 8
10 7
10 8
10 7
10 6
10 9
10 8
10 7
10 9
10 9
10 8
10 7
10 8
10 7
10 7
10 7
10 7
10 8
10 5
10 6
10 9
10 6
10 5
10 9
10 7
10 6
10 9
10 9
10 8
10 9
10 6
10 6
10 8
10 8
10 8
10 9
10 8
10 7
10 9
10 6
10 6
10 9
10 7
10 7
10 6
10 8
10 7
10 7
10 7
10 8
20 15
20 17
20 19
20 18
20 17
20 17
20 17
20 16
20 19
20 16
20 16
20 18
20 17
20 17
20 14
20 19
20 19
20 16
20 17
20 16
20 17
20 18
20 17
20 15
20 18
20 17
20 18
20 18
20 17
20 18
20 18
20 16
20 14
20 18
20 19
20 17
20 18
20 18
20 14
20 14
20 16
20 19
20 17
20 16
20 15
20 17
20 16
20 17
20 17
20 17
30 27
30 26
30 27
30 27
30 25
30 25
30 27
30 28
30 25
30 26
30 27
30 25
30 27
30 28
30 26
30 27
30 26
30 28
30 29
30 25
30 23
30 28
30 26
30 25
30 27
30 25
30 26
30 24
30 26
30 28
30 29
30 26
30 29
30 26
30 27
30 24
30 27
30 24
30 26
30 29
30 27
30 28
30 26
30 25
30 27
30 28
30 25
30 24
30 29
30 23
40 34
40 38
40 37
40 36
40 34
40 37
40 34
40 36
40 36
40 37
40 36
40 37
40 38
40 36
40 34
40 35
40 36
40 36
40 37
40 34
40 38
40 39
40 36
40 36
40 35
40 37
40 34
40 39
40 38
40 32
40 36
40 37
40 35
40 33
40 36
40 34
40 37
40 37
40 36
40 37
40 38
40 38
40 35
40 38
40 36
40 38
40 35
40 37
40 36
40 38
50 45
50 46
50 46
50 44
50 48
50 45
50 48
50 46
50 45
50 46
50 45
50 40
50 45
50 48
50 46
50 48
50 48
50 46
50 47
50 47
50 46
50 45
50 44
50 48
50 46
50 48
50 45
50 45
50 48
50 47
50 43
50 45
50 44
50 47
50 45
50 47
50 48
50 43
50 47
50 47
50 46
50 44
50 47
50 44
50 45
50 44
50 48
50 48
50 46
50 47
60 52
60 54
60 55
60 56
60 54
60 57
60 58
60 55
60 54
60 58
60 55
60 53
60 56
60 57
60 57
60 57
60 52
60 58
60 55
60 56
60 57
60 55
60 56
60 56
60 55
60 55
60 58
60 54
60 56
60 57
60 58
60 56
60 55
60 56
60 56
60 59
60 57
60 55
60 54
60 56
60 53
60 57
60 56
60 55
60 54
60 57
60 55
60 56
60 56
60 56
70 63
70 67
70 66
70 65
70 66
70 65
70 67
70 66
70 66
70 64
70 66
70 63
70 67
70 66
70 68
70 62
70 67
70 64
70 63
70 67
70 68
70 67
70 66
70 65
70 65
70 63
70 66
70 66
70 65
70 66
70 66
70 66
70 67
70 66
70 66
70 64
70 67
70 65
70 64
70 64
70 68
70 63
70 69
70 65
70 65
70 64
70 68
70 66
70 66
70 66
80 75
80 74
80 74
80 76
80 76
80 73
80 76
80 76
80 77
80 75
80 77
80 75
80 75
80 77
80 74
80 72
80 78
80 76
80 72
80 77
80 74
80 78
80 75
80 78
80 75
80 77
80 76
80 76
80 77
80 77
80 78
80 77
80 74
80 75
80 78
80 74
80 73
80 77
80 76
80 76
80 73
80 75
80 74
80 75
80 76
80 77
80 75
80 73
80 76
80 72
90 86
90 87
90 86
90 85
90 82
90 83
90 87
90 85
90 88
90 84
90 88
90 83
90 86
90 87
90 88
90 87
90 88
90 84
90 84
90 84
90 86
90 87
90 82
90 85
90 81
90 81
90 83
90 87
90 86
90 85
90 85
90 86
90 86
90 85
90 86
90 85
90 85
90 85
90 87
90 83
90 82
90 83
90 87
90 85
90 85
90 83
90 85
90 85
90 84
90 86
100 97
100 93
100 93
100 96
100 96
100 96
100 94
100 94
100 94
100 97
100 96
100 89
100 95
100 98
100 95
100 96
100 96
100 95
100 96
100 97
100 97
100 92
100 95
100 97
100 94
100 98
100 96
100 94
100 97
100 96
100 96
100 95
100 96
100 96
100 98
100 95
100 97
100 96
100 97
100 95
100 94
100 93
100 94
100 94
100 95
100 96
100 94
100 97
100 96
100 94
110 108
110 107
110 108
110 107
110 103
110 106
110 107
110 107
110 107
110 106
110 103
110 107
110 102
110 106
110 105
110 108
110 108
110 104
110 106
110 104
110 102
110 105
110 107
110 105
110 101
110 105
110 106
110 107
110 107
110 105
110 105
110 102
110 106
110 103
110 104
110 106
110 105
110 104
110 104
110 107
110 103
110 104
110 101
110 106
110 103
110 107
110 105
110 103
110 106
110 103
120 117
120 116
120 115
120 110
120 115
120 117
120 117
120 113
120 118
120 115
120 118
120 110
120 114
120 116
120 115
120 118
120 115
120 114
120 117
120 113
120 117
120 114
120 117
120 114
120 116
120 117
120 118
120 116
120 117
120 116
120 114
120 116
120 117
120 118
120 113
120 118
120 118
120 119
120 114
120 116
120 117
120 115
120 117
120 117
120 116
120 117
120 114
120 117
120 113
120 114
130 128
130 126
130 121
130 126
130 125
130 123
130 129
130 129
130 125
130 120
130 122
130 125
130 126
130 124
130 127
130 125
130 119
130 128
130 125
130 126
130 124
130 127
130 123
130 126
130 123
130 126
130 126
130 126
130 126
130 126
130 129
130 127
130 126
130 126
130 126
130 121
130 127
130 123
130 126
130 124
130 127
130 125
130 126
130 125
130 123
130 125
130 125
130 123
130 127
130 126
140 133
140 133
140 136
140 136
140 136
140 135
140 136
140 137
140 136
140 135
140 135
140 132
140 133
140 135
140 135
140 136
140 134
140 137
140 137
140 135
140 134
140 137
140 134
140 135
140 135
140 134
140 136
140 137
140 134
140 132
140 137
140 133
140 139
140 135
140 137
140 134
140 131
140 133
140 134
140 136
140 135
140 135
140 135
140 132
140 132
140 137
140 133
140 135
140 132
140 133
150 147
150 144
150 147
150 145
150 147
150 139
150 145
150 145
150 146
150 147
150 142
150 147
150 143
150 143
150 145
150 144
150 146
150 143
150 143
150 143
150 144
150 147
150 146
150 141
150 145
150 145
150 146
150 142
150 143
150 145
150 145
150 143
150 144
150 145
150 143
150 145
150 142
150 143
150 149
150 140
150 146
150 145
150 144
150 146
150 142
150 149
150 144
150 145
150 145
150 144
160 155
160 156
160 154
160 154
160 151
160 155
160 159
160 153
160 156
160 156
160 155
160 154
160 158
160 155
160 157
160 156
160 153
160 153
160 155
160 152
160 157
160 155
160 157
160 156
160 153
160 157
160 154
160 152
160 155
160 158
160 156
160 152
160 153
160 157
160 158
160 156
160 155
160 155
160 152
160 158
160 154
160 152
160 158
160 151
160 157
160 154
160 155
160 153
160 153
160 156
170 164
170 166
170 163
170 161
170 167
170 163
170 161
170 163
170 166
170 164
170 166
170 163
170 166
170 165
170 164
170 166
170 167
170 167
170 162
170 166
170 163
170 167
170 165
170 164
170 165
170 165
170 164
170 166
170 169
170 168
170 166
170 164
170 163
170 162
170 165
170 165
170 162
170 159
170 166
170 163
170 165
170 163
170 162
170 161
170 166
170 165
170 165
170 165
170 165
170 163
180 175
180 177
180 173
180 177
180 174
180 175
180 171
180 175
180 175
180 175
180 173
180 175
180 175
180 177
180 174
180 175
180 176
180 171
180 175
180 176
180 178
180 178
180 172
180 175
180 172
180 175
180 176
180 174
180 175
180 175
180 174
180 173
180 174
180 178
180 177
180 177
180 176
180 175
180 175
180 177
180 173
180 174
180 177
180 174
180 177
180 171
180 176
180 174
180 176
180 175
190 180
190 181
190 187
190 185
190 184
190 186
190 187
190 186
190 186
190 185
190 186
190 180
190 183
190 187
190 186
190 186
190 181
190 185
190 186
190 185
190 180
190 184
190 187
190 186
190 183
190 182
190 185
190 183
190 187
190 185
190 187
190 187
190 186
190 187
190 183
190 187
190 186
190 184
190 186
190 186
190 186
190 185
190 185
190 186
190 188
190 186
190 186
190 186
190 186
190 183
200 190
200 193
200 190
200 193
200 194
200 196
200 196
200 192
200 196
200 196
200 196
200 199
200 192
200 197
200 192
200 199
200 197
200 196
200 194
200 192
200 194
200 194
200 197
200 192
200 197
200 195
200 193
200 196
200 195
200 198
200 198
200 194
200 196
200 196
200 197
200 192
200 190
200 197
200 195
200 195
200 196
200 195
200 194
200 192
200 194
200 196
200 197
200 195
200 195
200 196
210 204
210 202
210 202
210 207
210 205
210 204
210 206
210 204
210 206
210 207
210 204
210 204
210 207
210 203
210 205
210 199
210 206
210 206
210 206
210 205
210 203
210 207
210 205
210 202
210 202
210 206
210 206
210 203
210 206
210 202
210 203
210 206
210 206
210 206
210 206
210 198
210 207
210 203
210 203
210 203
210 205
210 204
210 206
210 201
210 207
210 204
210 201
210 203
210 206
210 202
220 218
220 218
220 217
220 217
220 210
220 215
220 215
220 216
220 213
220 213
220 215
220 215
220 215
220 215
220 218
220 215
220 212
220 216
220 216
220 218
220 212
220 213
220 215
220 212
220 213
220 214
220 211
220 212
220 213
220 214
220 213
220 213
220 216
220 215
220 216
220 214
220 212
220 215
220 217
220 215
220 217
220 216
220 213
220 212
220 213
220 215
220 212
220 212
220 212
220 216
230 222
230 229
230 225
230 224
230 225
230 220
230 225
230 223
230 227
230 223
230 224
230 220
230 229
230 220
230 224
230 222
230 225
230 226
230 226
230 226
230 224
230 225
230 226
230 225
230 225
230 226
230 224
230 225
230 221
230 226
230 226
230 227
230 225
230 224
230 226
230 224
230 223
230 224
230 223
230 223
230 227
230 222
230 223
230 223
230 225
230 223
230 222
230 224
230 227
230 225
240 233
240 236
240 235
240 237
240 235
240 233
240 237
240 232
240 234
240 235
240 236
240 233
240 236
240 234
240 234
240 235
240 234
240 238
240 238
240 235
240 234
240 234
240 235
240 230
240 235
240 233
240 234
240 234
240 232
240 232
240 235
240 233
240 236
240 235
240 234
240 231
240 238
240 236
240 235
240 232
240 237
240 232
240 235
240 235
240 237
240 235
240 236
240 233
240 235
240 236
250 249
250 247
250 244
250 245
250 243
250 247
250 248
250 246
250 244
250 244
250 242
250 247
250 243
250 241
250 246
250 242
250 246
250 247
250 240
250 247
250 247
250 243
250 244
250 245
250 245
250 243
250 243
250 247
250 242
250 245
250 248
250 246
250 245
250 248
250 241
250 246
250 245
250 246
250 244
250 246
250 241
250 246
250 245
250 247
250 244
250 248
250 243
250 244
250 247
250 241
260 252
260 257
260 257
260 256
260 257
260 255
260 252
260 254
260 253
260 253
260 257
260 258
260 252
260 254
260 250
260 257
260 257
260 257
260 252
260 256
260 255
260 251
260 254
260 256
260 257
260 257
260 251
260 255
260 253
260 257
260 252
260 254
260 253
260 254
260 253
260 253
260 258
260 257
260 253
260 257
260 254
260 252
260 257
260 257
260 251
260 256
260 254
260 257
260 258
260 253
270 265
270 262
270 264
270 263
270 266
270 263
270 265
270 267
270 263
270 265
270 263
270 266
270 264
270 265
270 268
270 264
270 266
270 263
270 258
270 262
270 263
270 267
270 263
270 264
270 267
270 262
270 261
270 256
270 260
270 264
270 263
270 261
270 265
270 266
270 264
270 260
270 264
270 262
270 264
270 264
270 264
270 262
270 259
270 264
270 266
270 257
270 265
270 266
270 265
270 264
280 277
280 275
280 270
280 275
280 273
280 275
280 274
280 276
280 275
280 276
280 275
280 277
280 273
280 272
280 273
280 271
280 276
280 273
280 274
280 274
280 275
280 275
280 276
280 274
280 268
280 274
280 275
280 273
280 273
280 274
280 274
280 276
280 275
280 277
280 272
280 277
280 275
280 274
280 275
280 271
280 275
280 277
280 273
280 277
280 275
280 270
280 275
280 274
280 271
280 278
290 282
290 285
290 288
290 285
290 282
290 286
290 287
290 286
290 283
290 285
290 285
290 285
290 282
290 286
290 281
290 282
290 285
290 283
290 285
290 281
290 284
290 280
290 284
290 287
290 284
290 280
290 285
290 287
290 285
290 284
290 284
290 285
290 284
290 283
290 286
290 283
290 286
290 283
290 286
290 284
290 286
290 285
290 283
290 285
290 285
290 285
290 284
290 284
290 282
290 284
300 297
300 289
300 298
300 295
300 292
300 294
300 295
300 297
300 294
300 296
300 294
300 295
300 295
300 288
300 297
300 296
300 295
300 297
300 296
300 297
300 293
300 293
300 296
300 294
300 293
300 294
300 296
300 292
300 293
300 295
300 295
300 297
300 295
300 293
300 294
300 293
300 293
300 295
300 296
300 293
300 293
300 294
300 291
300 295
300 296
300 294
300 297
300 290
300 297
300 292
310 303
310 302
310 303
310 303
310 305
310 306
310 307
310 303
310 306
310 307
310 306
310 302
310 302
310 305
310 301
310 300
310 302
310 304
310 304
310 307
310 304
310 303
310 306
310 307
310 303
310 305
310 304
310 305
310 306
310 304
310 302
310 304
310 308
310 299
310 306
310 306
310 301
310 300
310 303
310 305
310 302
310 308
310 306
310 307
310 304
310 307
310 301
310 309
310 305
310 302
320 318
320 318
320 313
320 313
320 317
320 315
320 311
320 313
320 312
320 317
320 316
320 315
320 309
320 316
320 311
320 317
320 313
320 312
320 311
320 311
320 314
320 315
320 314
320 310
320 316
320 317
320 312
320 315
320 311
320 316
320 314
320 314
320 313
320 311
320 313
320 310
320 315
320 312
320 314
320 316
320 315
320 315
320 313
320 313
320 314
320 312
320 316
320 316
320 316
320 315
330 321
330 321
330 326
330 324
330 325
330 324
330 326
330 320
330 323
330 321
330 323
330 324
330 326
330 326
330 324
330 323
330 328
330 322
330 324
330 325
330 326
330 326
330 325
330 324
330 326
330 325
330 323
330 324
330 325
330 322
330 325
330 326
330 324
330 324
330 325
330 327
330 324
330 328
330 323
330 325
330 325
330 327
330 324
330 324
330 327
330 325
330 328
330 324
330 325
330 323
340 333
340 334
340 337
340 334
340 336
340 335
340 336
340 333
340 334
340 331
340 335
340 334
340 334
340 338
340 334
340 334
340 335
340 337
340 336
340 334
340 336
340 337
340 337
340 329
340 335
340 336
340 332
340 331
340 334
340 334
340 330
340 336
340 328
340 329
340 334
340 334
340 335
340 332
340 337
340 333
340 335
340 337
340 338
340 337
340 336
340 332
340 335
340 329
340 334
340 337
350 347
350 346
350 342
350 344
350 342
350 344
350 342
350 349
350 339
350 346
350 346
350 347
350 341
350 343
350 344
350 342
350 340
350 343
350 344
350 344
350 340
350 348
350 343
350 348
350 347
350 345
350 343
350 347
350 345
350 345
350 342
350 342
350 342
350 344
350 344
350 344
350 344
350 347
350 345
350 341
350 341
350 343
350 344
350 345
350 347
350 345
350 345
350 344
350 345
350 343
360 357
360 354
360 356
360 355
360 356
360 356
360 355
360 353
360 357
360 350
360 356
360 353
360 351
360 355
360 352
360 355
360 354
360 354
360 355
360 353
360 353
360 352
360 354
360 349
360 353
360 356
360 354
360 354
360 359
360 355
360 356
360 357
360 355
360 355
360 356
360 358
360 352
360 353
360 353
360 356
360 352
360 355
360 355
360 354
360 352
360 356
360 352
360 352
360 353
360 352
370 363
370 360
370 367
370 366
370 362
370 365
370 366
370 366
370 360
370 363
370 364
370 364
370 364
370 362
370 365
370 365
370 365
370 366
370 362
370 365
370 359
370 360
370 366
370 361
370 364
370 367
370 367
370 366
370 364
370 364
370 364
370 369
370 366
370 368
370 367
370 362
370 366
370 364
370 365
370 362
370 363
370 361
370 357
370 363
370 366
370 361
370 365
370 361
370 368
370 363
380 375
380 375
380 372
380 374
380 375
380 375
380 372
380 374
380 376
380 378
380 374
380 374
380 375
380 373
380 376
380 374
380 376
380 373
380 373
380 375
380 376
380 374
380 374
380 373
380 374
380 373
380 373
380 370
380 373
380 375
380 372
380 374
380 375
380 375
380 373
380 375
380 372
380 375
380 372
380 375
380 373
380 377
380 377
380 371
380 374
380 373
380 376
380 376
380 374
380 371
390 385
390 382
390 384
390 383
390 386
390 387
390 387
390 387
390 384
390 387
390 386
390 383
390 388
390 385
390 384
390 385
390 385
390 384
390 383
390 383
390 383
390 382
390 384
390 382
390 385
390 386
390 383
390 384
390 385
390 387
390 386
390 385
390 383
390 384
390 383
390 383
390 386
390 384
390 380
390 383
390 382
390 380
390 382
390 384
390 377
390 383
390 384
390 388
390 384
390 383
400 396
400 393
400 397
400 392
400 393
400 393
400 392
400 391
400 395
400 393
400 395
400 393
400 393
400 391
400 393
400 397
400 395
400 395
400 393
400 394
400 391
400 392
400 394
400 393
400 394
400 389
400 394
400 393
400 396
400 392
400 395
400 394
400 398
400 395
400 393
400 394
400 396
400 393
400 393
400 390
400 393
400 392
400 395
400 393
400 390
400 392
400 394
400 395
400 395
400 397
410 407
410 405
410 405
410 402
410 400
410 402
410 393
410 406
410 400
410 404
410 407
410 404
410 404
410 406
410 403
410 401
410 404
410 400
410 405
410 399
410 406
410 405
410 404
410 407
410 403
410 402
410 404
410 406
410 404
410 406
410 400
410 403
410 407
410 403
410 407
410 404
410 402
410 395
410 407
410 400
410 403
410 406
410 403
410 404
410 405
410 406
410 404
410 406
410 404
410 402
420 412
420 413
420 414
420 415
420 412
420 409
420 413
420 415
420 415
420 417
420 413
420 415
420 415
420 414
420 410
420 413
420 413
420 414
420 413
420 413
420 417
420 414
420 413
420 415
420 411
420 411
420 414
420 417
420 413
420 413
420 414
420 417
420 412
420 417
420 416
420 415
420 409
420 414
420 415
420 418
420 412
420 412
420 414
420 412
420 414
420 418
420 411
420 414
420 415
420 416
430 421
430 424
430 423
430 422
430 425
430 424
430 422
430 425
430 422
430 420
430 425
430 423
430 420
430 426
430 427
430 425
430 424
430 422
430 424
430 422
430 421
430 425
430 422
430 423
430 423
430 421
430 425
430 420
430 422
430 420
430 424
430 426
430 425
430 424
430 427
430 421
430 424
430 425
430 423
430 422
430 428
430 425
430 422
430 424
430 423
430 425
430 425
430 424
430 424
430 424
440 434
440 430
440 434
440 433
440 436
440 436
440 434
440 435
440 435
440 435
440 431
440 434
440 432
440 434
440 435
440 434
440 431
440 434
440 432
440 433
440 434
440 434
440 434
440 433
440 434
440 431
440 437
440 432
440 431
440 432
440 431
440 432
440 434
440 435
440 437
440 432
440 433
440 433
440 437
440 431
440 437
440 434
440 438
440 434
440 433
440 434
440 433
440 432
440 434
440 434
450 441
450 446
450 443
450 441
450 443
450 443
450 445
450 444
450 441
450 442
450 439
450 444
450 443
450 441
450 439
450 445
450 446
450 445
450 445
450 445
450 442
450 439
450 447
450 444
450 445
450 444
450 443
450 444
450 439
450 440
450 439
450 446
450 441
450 445
450 444
450 447
450 438
450 445
450 442
450 445
450 443
450 444
450 440
450 446
450 446
450 446
450 442
450 444
450 439
450 444
460 451
460 453
460 453
460 451
460 457
460 457
460 455
460 452
460 453
460 449
460 455
460 453
460 455
460 455
460 451
460 455
460 456
460 451
460 455
460 453
460 453
460 454
460 454
460 457
460 456
460 448
460 452
460 455
460 453
460 458
460 457
460 453
460 456
460 457
460 454
460 450
460 456
460 455
460 459
460 448
460 452
460 458
460 456
460 453
460 452
460 456
460 456
460 452
460 454
460 454
470 460
470 466
470 458
470 467
470 466
470 464
470 466
470 466
470 463
470 466
470 462
470 466
470 468
470 465
470 462
470 462
470 466
470 466
470 464
470 463
470 464
470 463
470 459
470 468
470 464
470 464
470 465
470 465
470 462
470 463
470 464
470 465
470 465
470 464
470 463
470 466
470 462
470 464
470 464
470 462
470 463
470 468
470 461
470 464
470 461
470 463
470 462
470 460
470 463
470 462
480 472
480 472
480 472
480 474
480 475
480 471
480 473
480 474
480 476
480 476
480 470
480 474
480 474
480 473
480 471
480 472
480 474
480 474
480 477
480 471
480 470
480 469
480 475
480 471
480 471
480 475
480 474
480 478
480 472
480 472
480 473
480 471
480 470
480 474
480 476
480 474
480 473
480 473
480 473
480 473
480 474
480 470
480 477
480 475
480 472
480 478
480 473
480 473
480 475
480 474
490 485
490 483
490 482
490 483
490 487
490 484
490 485
490 482
490 480
490 485
490 486
490 483
490 486
490 483
490 482
490 484
490 480
490 482
490 486
490 485
490 485
490 485
490 483
490 486
490 484
490 480
490 479
490 480
490 485
490 484
490 479
490 485
490 484
490 479
490 480
490 484
490 481
490 482
490 484
490 485
490 483
490 487
490 482
490 486
490 482
490 484
490 487
490 480
490 485
490 485
500 493
500 496
500 493
500 492
500 497
500 493
500 493
500 493
500 490
500 492
500 493
500 492
500 496
500 494
500 490
500 495
500 492
500 494
500 495
500 492
500 495
500 494
500 496
500 494
500 494
500 493
500 495
500 492
500 494
500 492
500 488
500 496
500 488
500 494
500 494
500 492
500 496
500 492
500 492
500 493
500 492
500 495
500 493
500 492
500 495
500 493
500 490
500 496
500 494
500 491
510 502
510 505
510 504
510 504
510 506
510 502
510 504
510 506
510 504
510 502
510 505
510 503
510 500
510 502
510 502
510 504
510 505
510 503
510 505
510 507
510 507
510 507
510 502
510 500
510 502
510 501
510 502
510 506
510 502
510 506
510 499
510 502
510 504
510 504
510 503
510 501
510 507
510 503
510 508
510 504
510 503
510 506
510 504
510 503
510 506
510 506
510 502
510 502
510 503
510 501
520 518
520 514
520 511
520 514
520 516
520 515
520 511
520 517
520 515
520 516
520 517
520 514
520 515
520 517
520 516
520 514
520 510
520 514
520 512
520 515
520 513
520 511
520 515
520 513
520 513
520 511
520 514
520 513
520 512
520 515
520 514
520 514
520 514
520 512
520 510
520 517
520 514
520 513
520 512
520 513
520 518
520 515
520 513
520 514
520 513
520 517
520 516
520 514
520 510
520 513
530 524
530 527
530 522
530 525
530 523
530 523
530 521
530 522
530 524
530 522
530 525
530 525
530 526
530 521
530 521
530 524
530 525
530 522
530 526
530 526
530 524
530 521
530 525
530 523
530 524
530 521
530 525
530 522
530 526
530 524
530 521
530 521
530 522
530 527
530 524
530 525
530 520
530 523
530 525
530 523
530 520
530 522
530 522
530 525
530 526
530 525
530 520
530 525
530 525
530 525
540 537
540 533
540 533
540 533
540 532
540 535
540 535
540 531
540 537
540 532
540 530
540 531
540 535
540 535
540 533
540 536
540 535
540 536
540 536
540 532
540 530
540 534
540 535
540 535
540 530
540 536
540 528
540 533
540 532
540 535
540 533
540 533
540 535
540 536
540 529
540 534
540 535
540 531
540 534
540 536
540 535
540 536
540 534
540 531
540 534
540 530
540 535
540 533
540 530
540 535
550 547
550 541
550 547
550 548
550 547
550 544
550 540
550 540
550 545
550 545
550 543
550 543
550 546
550 542
550 542
550 542
550 541
550 540
550 546
550 542
550 544
550 545
550 546
550 544
550 544
550 542
550 545
550 545
550 543
550 548
550 546
550 543
550 541
550 543
550 541
550 543
550 546
550 540
550 545
550 547
550 543
550 544
550 547
550 543
550 543
550 541
550 547
550 541
550 540
550 543
560 554
560 548
560 557
560 555
560 551
560 550
560 554
560 556
560 553
560 556
560 549
560 554
560 550
560 553
560 555
560 555
560 555
560 556
560 557
560 553
560 556
560 550
560 556
560 549
560 553
560 553
560 555
560 553
560 558
560 554
560 552
560 554
560 554
560 551
560 555
560 554
560 554
560 555
560 554
560 553
560 550
560 554
560 551
560 552
560 556
560 552
560 554
560 555
560 553
560 552
570 565
570 561
570 565
570 564
570 561
570 566
570 563
570 560
570 560
570 562
570 565
570 565
570 563
570 561
570 561
570 567
570 559
570 561
570 562
570 566
570 563
570 561
570 562
570 564
570 565
570 564
570 565
570 565
570 563
570 563
570 559
570 567
570 566
570 567
570 563
570 565
570 566
570 559
570 567
570 565
570 566
570 565
570 565
570 561
570 564
570 563
570 561
570 562
570 559
570 560
580 572
580 573
580 573
580 576
580 572
580 569
580 574
580 574
580 577
580 576
580 573
580 574
580 575
580 573
580 571
580 574
580 572
580 574
580 572
580 574
580 575
580 575
580 575
580 573
580 574
580 572
580 572
580 571
580 571
580 574
580 573
580 575
580 574
580 576
580 574
580 575
580 576
580 576
580 575
580 575
580 576
580 575
580 571
580 574
580 579
580 578
580 576
580 573
580 570
580 575
590 583
590 584
590 586
590 585
590 582
590 583
590 584
590 583
590 585
590 583
590 583
590 588
590 584
590 580
590 581
590 585
590 587
590 585
590 581
590 583
590 583
590 582
590 577
590 582
590 586
590 584
590 579
590 581
590 585
590 583
590 585
590 584
590 584
590 584
590 579
590 585
590 584
590 582
590 582
590 586
590 586
590 586
590 583
590 582
590 583
590 581
590 584
590 582
590 587
590 585
600 589
600 592
600 596
600 595
600 596
600 594
600 592
600 590
600 594
600 597
600 592
600 594
600 596
600 594
600 593
600 593
600 595
600 588
600 594
600 595
600 592
600 595
600 598
600 594
600 592
600 596
600 594
600 596
600 591
600 593
600 595
600 593
600 594
600 595
600 592
600 592
600 594
600 594
600 593
600 595
600 593
600 595
600 593
600 593
600 593
600 595
600 597
600 595
600 594
600 595
610 603
610 604
610 601
610 603
610 601
610 602
610 601
610 608
610 606
610 601
610 604
610 605
610 604
610 606
610 606
610 602
610 603
610 604
610 603
610 604
610 605
610 604
610 601
610 603
610 603
610 601
610 606
610 601
610 601
610 602
610 602
610 601
610 598
610 602
610 604
610 605
610 604
610 594
610 603
610 604
610 601
610 601
610 601
610 602
610 602
610 604
610 605
610 600
610 602
610 606
620 617
620 612
620 612
620 615
620 613
620 613
620 613
620 616
620 611
620 612
620 617
620 613
620 609
620 615
620 612
620 614
620 615
620 611
620 612
620 611
620 614
620 613
620 616
620 613
620 612
620 609
620 614
620 616
620 613
620 614
620 613
620 614
620 613
620 611
620 617
620 613
620 611
620 616
620 613
620 614
620 614
620 615
620 612
620 612
620 609
620 616
620 615
620 613
620 612
620 613
630 619
630 626
630 624
630 626
630 621
630 626
630 623
630 625
630 627
630 624
630 623
630 625
630 623
630 623
630 624
630 627
630 624
630 625
630 622
630 623
630 621
630 625
630 624
630 623
630 623
630 623
630 625
630 624
630 621
630 619
630 624
630 623
630 621
630 624
630 624
630 627
630 624
630 624
630 626
630 626
630 625
630 627
630 622
630 620
630 622
630 625
630 623
630 620
630 625
630 628
640 634
640 638
640 636
640 628
640 635
640 633
640 633
640 634
640 632
640 631
640 631
640 636
640 635
640 635
640 635
640 635
640 632
640 636
640 633
640 635
640 635
640 635
640 634
640 636
640 636
640 634
640 634
640 632
640 633
640 633
640 633
640 632
640 634
640 632
640 634
640 634
640 629
640 633
640 634
640 629
640 636
640 637
640 632
640 636
640 635
640 636
640 635
640 633
640 629
640 632
650 642
650 641
650 644
650 640
650 642
650 641
650 645
650 644
650 639
650 644
650 643
650 645
650 641
650 644
650 646
650 643
650 644
650 642
650 644
650 643
650 645
650 644
650 647
650 642
650 644
650 640
650 644
650 646
650 646
650 645
650 639
650 642
650 646
650 644
650 641
650 642
650 641
650 641
650 643
650 647
650 643
650 643
650 645
650 642
650 643
650 645
650 642
650 643
650 643
650 641
660 655
660 654
660 649
660 649
660 649
660 649
660 651
660 651
660 657
660 654
660 651
660 652
660 653
660 655
660 651
660 653
660 654
660 654
660 653
660 653
660 654
660 656
660 655
660 653
660 649
660 652
660 653
660 653
660 652
660 654
660 654
660 654
660 653
660 652
660 655
660 650
660 653
660 648
660 653
660 653
660 653
660 649
660 656
660 652
660 650
660 648
660 648
660 653
660 655
660 655
670 667
670 664
670 661
670 663
670 665
670 667
670 660
670 663
670 661
670 667
670 664
670 667
670 663
670 661
670 664
670 662
670 662
670 666
670 666
670 663
670 665
670 666
670 659
670 664
670 659
670 665
670 663
670 666
670 664
670 665
670 663
670 661
670 665
670 662
670 661
670 666
670 657
670 659
670 660
670 665
670 666
670 661
670 665
670 663
670 664
670 667
670 664
670 662
670 661
670 663
680 670
680 677
680 674
680 675
680 674
680 672
680 675
680 672
680 676
680 674
680 674
680 675
680 674
680 673
680 676
680 673
680 676
680 674
680 673
680 677
680 670
680 672
680 676
680 671
680 676
680 676
680 675
680 670
680 675
680 673
680 673
680 671
680 674
680 673
680 673
680 673
680 676
680 674
680 673
680 671
680 673
680 671
680 669
680 673
680 671
680 673
680 673
680 674
680 674
680 672
690 684
690 685
690 682
690 683
690 685
690 686
690 683
690 681
690 684
690 686
690 681
690 685
690 682
690 685
690 685
690 683
690 683
690 684
690 684
690 683
690 681
690 686
690 684
690 684
690 684
690 684
690 686
690 685
690 684
690 683
690 680
690 685
690 683
690 684
690 687
690 683
690 684
690 687
690 686
690 681
690 685
690 680
690 673
690 682
690 683
690 682
690 686
690 685
690 685
690 684
700 696
700 688
700 694
700 692
700 694
700 692
700 695
700 696
700 688
700 694
700 695
700 693
700 693
700 692
700 692
700 694
700 690
700 689
700 691
700 693
700 692
700 693
700 696
700 694
700 692
700 691
700 694
700 691
700 696
700 690
700 694
700 689
700 696
700 695
700 691
700 693
700 693
700 695
700 693
700 697
700 695
700 692
700 693
700 693
700 690
700 691
700 691
700 695
700 692
700 691
710 704
710 702
710 707
710 708
710 700
710 701
710 706
710 707
710 707
710 698
710 706
710 704
710 704
710 706
710 704
710 701
710 701
710 704
710 706
710 707
710 702
710 708
710 705
710 704
710 704
710 703
710 702
710 703
710 705
710 704
710 699
710 703
710 700
710 704
710 705
710 702
710 706
710 705
710 703
710 705
710 702
710 703
710 705
710 701
710 705
710 703
710 705
710 705
710 708
710 701
720 718
720 712
720 713
720 715
720 712
720 714
720 712
720 709
720 713
720 711
720 710
720 716
720 714
720 716
720 716
720 709
720 714
720 708
720 716
720 714
720 712
720 716
720 713
720 713
720 711
720 715
720 709
720 713
720 718
720 714
720 716
720 714
720 716
720 713
720 712
720 711
720 716
720 714
720 714
720 711
720 712
720 715
720 710
720 714
720 713
720 713
720 711
720 716
720 711
720 712
730 723
730 725
730 723
730 727
730 725
730 724
730 723
730 724
730 725
730 724
730 717
730 724
730 726
730 722
730 725
730 726
730 721
730 725
730 718
730 726
730 725
730 723
730 722
730 724
730 722
730 723
730 724
730 725
730 723
730 724
730 723
730 726
730 724
730 725
730 722
730 725
730 727
730 720
730 720
730 721
730 724
730 727
730 726
730 727
730 724
730 724
730 726
730 724
730 724
730 723
740 732
740 738
740 734
740 738
740 733
740 732
740 732
740 729
740 733
740 732
740 730
740 733
740 731
740 735
740 734
740 728
740 732
740 733
740 734
740 730
740 737
740 731
740 735
740 734
740 738
740 737
740 730
740 738
740 734
740 731
740 736
740 731
740 735
740 732
740 734
740 732
740 735
740 732
740 733
740 736
740 736
740 727
740 737
740 734
740 734
740 735
740 735
740 734
740 734
740 737
750 746
750 747
750 745
750 742
750 747
750 745
750 738
750 746
750 742
750 746
750 739
750 745
750 743
750 744
750 743
750 743
750 743
750 743
750 741
750 745
750 736
750 743
750 744
750 744
750 743
750 745
750 743
750 743
750 744
750 743
750 743
750 743
750 743
750 740
750 743
750 746
750 746
750 743
750 746
750 742
750 746
750 743
750 743
750 744
750 743
750 741
750 741
750 747
750 744
750 740
760 753
760 755
760 756
760 755
760 753
760 749
760 754
760 755
760 756
760 752
760 755
760 752
760 755
760 754
760 754
760 752
760 756
760 755
760 753
760 752
760 755
760 755
760 750
760 754
760 753
760 752
760 750
760 759
760 755
760 757
760 755
760 756
760 756
760 754
760 753
760 752
760 751
760 754
760 753
760 751
760 755
760 751
760 756
760 752
760 754
760 756
760 749
760 757
760 755
760 751
770 760
770 765
770 765
770 764
770 760
770 761
770 763
770 763
770 764
770 764
770 758
770 764
770 765
770 761
770 764
770 763
770 764
770 766
770 761
770 765
770 764
770 761
770 766
770 762
770 758
770 762
770 765
770 762
770 763
770 764
770 758
770 758
770 758
770 763
770 758
770 763
770 763
770 762
770 766
770 766
770 759
770 762
770 760
770 764
770 763
770 761
770 765
770 755
770 764
770 763
780 777
780 774
780 774
780 778
780 774
780 774
780 775
780 772
780 771
780 777
780 773
780 771
780 777
780 772
780 772
780 774
780 772
780 771
780 773
780 773
780 774
780 775
780 776
780 775
780 774
780 773
780 776
780 773
780 771
780 776
780 774
780 776
780 771
780 770
780 771
780 774
780 777
780 774
780 772
780 772
780 774
780 775
780 774
780 774
780 774
780 771
780 773
780 772
780 773
780 774
790 782
790 784
790 781
790 787
790 781
790 786
790 784
790 782
790 780
790 784
790 778
790 782
790 785
790 785
790 783
790 783
790 778
790 781
790 786
790 782
790 784
790 783
790 786
790 782
790 784
790 784
790 785
790 783
790 782
790 782
790 787
790 780
790 783
790 784
790 785
790 784
790 784
790 784
790 780
790 781
790 778
790 786
790 784
790 784
790 785
790 782
790 786
790 784
790 777
790 782
800 795
800 794
800 794
800 794
800 789
800 790
800 792
800 792
800 793
800 791
800 790
800 795
800 792
800 792
800 797
800 795
800 791
800 791
800 794
800 792
800 793
800 793
800 795
800 791
800 795
800 790
800 795
800 791
800 792
800 786
800 793
800 790
800 791
800 794
800 794
800 790
800 790
800 795
800 796
800 798
800 795
800 794
800 789
800 794
800 794
800 796
800 794
800 794
800 795
800 793
810 805
810 802
810 802
810 804
810 804
810 802
810 806
810 803
810 804
810 800
810 806
810 807
810 803
810 802
810 803
810 806
810 800
810 800
810 805
810 805
810 804
810 804
810 805
810 805
810 805
810 805
810 802
810 803
810 805
810 800
810 804
810 805
810 804
810 804
810 803
810 802
810 802
810 806
810 801
810 805
810 805
810 800
810 803
810 802
810 802
810 800
810 805
810 807
810 806
810 804
820 814
820 812
820 813
820 814
820 815
820 813
820 816
820 817
820 814
820 815
820 811
820 812
820 812
820 801
820 815
820 817
820 816
820 811
820 812
820 815
820 816
820 815
820 812
820 811
820 812
820 807
820 814
820 811
820 805
820 815
820 809
820 812
820 814
820 815
820 808
820 814
820 813
820 817
820 815
820 814
820 813
820 814
820 815
820 811
820 813
820 814
820 815
820 811
820 815
820 815
830 822
830 819
830 823
830 821
830 820
830 824
830 824
830 823
830 824
830 822
830 823
830 825
830 820
830 821
830 822
830 826
830 825
830 826
830 818
830 824
830 824
830 822
830 823
830 821
830 821
830 821
830 823
830 828
830 821
830 821
830 824
830 826
830 825
830 822
830 824
830 821
830 824
830 822
830 824
830 825
830 827
830 821
830 824
830 824
830 825
830 821
830 826
830 822
830 825
830 822
840 833
840 832
840 836
840 836
840 835
840 828
840 833
840 837
840 833
840 832
840 834
840 837
840 833
840 831
840 830
840 832
840 833
840 836
840 832
840 833
840 832
840 831
840 833
840 835
840 837
840 835
840 832
840 833
840 835
840 835
840 832
840 833
840 836
840 831
840 835
840 831
840 833
840 834
840 834
840 833
840 832
840 833
840 834
840 831
840 833
840 832
840 834
840 832
840 834
840 832
850 845
850 845
850 848
850 843
850 847
850 842
850 844
850 842
850 843
850 837
850 842
850 843
850 840
850 842
850 840
850 843
850 843
850 843
850 844
850 841
850 844
850 840
850 845
850 846
850 843
850 844
850 840
850 843
850 846
850 843
850 844
850 845
850 842
850 847
850 841
850 846
850 843
850 842
850 843
850 838
850 844
850 843
850 843
850 841
850 844
850 842
850 844
850 847
850 839
850 839
860 857
860 855
860 856
860 852
860 848
860 853
860 856
860 854
860 855
860 855
860 855
860 859
860 855
860 853
860 851
860 855
860 850
860 856
860 853
860 856
860 850
860 851
860 850
860 854
860 853
860 853
860 854
860 851
860 856
860 856
860 851
860 856
860 853
860 851
860 856
860 854
860 857
860 854
860 856
860 849
860 855
860 851
860 850
860 853
860 852
860 852
860 855
860 856
860 857
860 854
870 861
870 864
870 860
870 866
870 861
870 863
870 862
870 864
870 863
870 867
870 865
870 864
870 863
870 861
870 864
870 863
870 860
870 863
870 860
870 860
870 860
870 862
870 863
870 864
870 868
870 863
870 864
870 862
870 868
870 865
870 861
870 863
870 866
870 862
870 865
870 860
870 863
870 862
870 862
870 865
870 867
870 864
870 861
870 862
870 861
870 866
870 865
870 865
870 863
870 861
880 874
880 875
880 873
880 874
880 873
880 870
880 871
880 872
880 873
880 876
880 868
880 873
880 869
880 876
880 872
880 874
880 875
880 869
880 870
880 870
880 871
880 875
880 876
880 874
880 877
880 876
880 875
880 871
880 870
880 874
880 873
880 873
880 872
880 877
880 875
880 876
880 872
880 872
880 868
880 870
880 872
880 871
880 873
880 871
880 876
880 871
880 874
880 875
880 874
880 875
890 883
890 884
890 885
890 887
890 885
890 884
890 887
890 884
890 886
890 882
890 887
890 884
890 882
890 883
890 878
890 886
890 884
890 882
890 888
890 886
890 886
890 883
890 887
890 884
890 882
890 883
890 879
890 883
890 885
890 887
890 885
890 885
890 885
890 879
890 877
890 886
890 885
890 885
890 884
890 882
890 884
890 877
890 884
890 880
890 881
890 882
890 882
890 887
890 885
890 886
900 892
900 893
900 894
900 890
900 892
900 892
900 894
900 894
900 892
900 893
900 895
900 895
900 896
900 894
900 897
900 893
900 890
900 895
900 891
900 892
900 893
900 896
900 888
900 890
900 894
900 897
900 892
900 894
900 892
900 893
900 891
900 897
900 893
900 893
900 893
900 896
900 894
900 894
900 890
900 895
900 896
900 897
900 891
900 891
900 891
900 896
900 893
900 891
900 893
900 891
910 903
910 903
910 904
910 907
910 903
910 903
910 906
910 906
910 902
910 907
910 904
910 903
910 899
910 903
910 905
910 906
910 902
910 905
910 897
910 905
910 900
910 904
910 903
910 907
910 901
910 899
910 902
910 908
910 903
910 906
910 905
910 904
910 902
910 904
910 900
910 902
910 906
910 903
910 905
910 906
910 905
910 902
910 906
910 905
910 902
910 904
910 896
910 898
910 901
910 906
920 912
920 912
920 913
920 914
920 916
920 914
920 912
920 916
920 910
920 913
920 915
920 913
920 913
920 914
920 912
920 912
920 915
920 918
920 914
920 913
920 914
920 914
920 916
920 912
920 915
920 913
920 916
920 909
920 915
920 914
920 912
920 914
920 915
920 912
920 915
920 915
920 916
920 915
920 913
920 908
920 910
920 916
920 913
920 919
920 911
920 913
920 912
920 916
920 913
920 910
930 924
930 924
930 925
930 923
930 926
930 925
930 924
930 921
930 924
930 924
930 924
930 925
930 923
930 923
930 922
930 926
930 925
930 924
930 927
930 925
930 923
930 922
930 921
930 923
930 924
930 922
930 921
930 923
930 923
930 920
930 924
930 921
930 924
930 925
930 921
930 925
930 924
930 924
930 924
930 923
930 922
930 921
930 924
930 926
930 923
930 925
930 927
930 926
930 925
930 923
940 927
940 935
940 933
940 932
940 935
940 930
940 930
940 935
940 934
940 932
940 932
940 935
940 931
940 934
940 932
940 934
940 934
940 935
940 933
940 932
940 934
940 934
940 935
940 932
940 932
940 938
940 931
940 930
940 933
940 933
940 938
940 930
940 934
940 932
940 933
940 932
940 931
940 936
940 931
940 936
940 934
940 931
940 937
940 935
940 937
940 938
940 935
940 936
940 930
940 934
950 947
950 945
950 942
950 945
950 942
950 944
950 944
950 940
950 942
950 940
950 941
950 940
950 944
950 940
950 947
950 944
950 943
950 946
950 943
950 944
950 942
950 945
950 948
950 941
950 941
950 942
950 940
950 943
950 945
950 942
950 945
950 938
950 942
950 940
950 943
950 940
950 946
950 941
950 943
950 941
950 947
950 942
950 942
950 941
950 944
950 943
950 943
950 942
950 942
950 945
960 957
960 953
960 952
960 950
960 954
960 951
960 952
960 954
960 958
960 954
960 951
960 955
960 952
960 952
960 951
960 955
960 950
960 955
960 956
960 951
960 955
960 955
960 951
960 951
960 954
960 950
960 952
960 956
960 950
960 955
960 956
960 949
960 953
960 954
960 956
960 954
960 954
960 952
960 952
960 955
960 954
960 956
960 952
960 954
960 956
960 952
960 953
960 955
960 951
960 952
970 964
970 966
970 965
970 961
970 958
970 963
970 964
970 962
970 961
970 964
970 961
970 962
970 959
970 962
970 960
970 961
970 966
970 964
970 968
970 965
970 962
970 963
970 964
970 958
970 960
970 964
970 965
970 961
970 961
970 962
970 962
970 962
970 965
970 960
970 960
970 961
970 963
970 967
970 961
970 966
970 961
970 964
970 966
970 959
970 962
970 959
970 965
970 964
970 964
970 962
980 970
980 976
980 975
980 974
980 970
980 974
980 970
980 967
980 978
980 976
980 973
980 978
980 973
980 971
980 969
980 975
980 972
980 971
980 973
980 973
980 976
980 968
980 973
980 973
980 969
980 970
980 972
980 974
980 973
980 975
980 970
980 973
980 968
980 974
980 977
980 971
980 973
980 973
980 975
980 972
980 971
980 976
980 972
980 973
980 970
980 976
980 974
980 974
980 972
980 977
990 985
990 983
990 982
990 983
990 983
990 981
990 984
990 985
990 981
990 978
990 982
990 986
990 985
990 983
990 986
990 986
990 985
990 979
990 983
990 988
990 984
990 978
990 982
990 984
990 982
990 984
990 978
990 980
990 981
990 985
990 977
990 985
990 979
990 981
990 985
990 983
990 982
990 985
990 982
990 985
990 978
990 979
990 984
990 982
990 981
990 980
990 981
990 980
990 984
990 983
1000 995
1000 992
1000 992
1000 995
1000 990
1000 993
1000 992
1000 986
1000 994
1000 993
1000 998
1000 997
1000 990
1000 993
1000 989
1000 996
1000 993
1000 993
1000 992
1000 993
1000 996
1000 993
1000 994
1000 992
1000 996
1000 991
1000 995
1000 994
1000 994
1000 992
1000 992
1000 991
1000 993
1000 989
1000 993
1000 989
1000 993
1000 994
1000 997
1000 995
1000 992
1000 993
1000 991
1000 992
1000 997
1000 997
1000 997
1000 991
1000 996
1000 995
1010 1003
1010 1004
1010 1005
1010 1004
1010 1006
1010 1005
1010 1004
1010 1004
1010 1000
1010 999
1010 1004
1010 1002
1010 1003
1010 1004
1010 1002
1010 1007
1010 1002
1010 1002
1010 1002
1010 1000
1010 1001
1010 1006
1010 1004
1010 1002
1010 1006
1010 1003
1010 1005
1010 1007
1010 1005
1010 1005
1010 1003
1010 1006
1010 1000
1010 1000
1010 995
1010 1001
1010 1006
1010 1000
1010 1005
1010 1003
1010 1002
1010 998
1010 1003
1010 1003
1010 999
1010 1003
1010 1002
1010 1004
1010 1000
1010 1003
1020 1011
1020 1014
1020 1011
1020 1012
1020 1018
1020 1014
1020 1007
1020 1014
1020 1012
1020 1011
1020 1013
1020 1012
1020 1012
1020 1013
1020 1013
1020 1013
1020 1013
1020 1015
1020 1017
1020 1011
1020 1013
1020 1011
1020 1013
1020 1015
1020 1017
1020 1013
1020 1014
1020 1016
1020 1015
1020 1012
1020 1012
1020 1014
1020 1010
1020 1010
1020 1013
1020 1014
1020 1012
1020 1014
1020 1014
1020 1013
1020 1017
1020 1012
1020 1009
1020 1013
1020 1013
1020 1014
1020 1015
1020 1013
1020 1012
1020 1007
1030 1022
1030 1023
1030 1020
1030 1023
1030 1025
1030 1024
1030 1022
1030 1023
1030 1020
1030 1022
1030 1025
1030 1021
1030 1022
1030 1023
1030 1021
1030 1022
1030 1020
1030 1022
1030 1021
1030 1021
1030 1024
1030 1020
1030 1021
1030 1027
1030 1023
1030 1025
1030 1027
1030 1025
1030 1024
1030 1022
1030 1020
1030 1021
1030 1023
1030 1021
1030 1024
1030 1023
1030 1025
1030 1026
1030 1022
1030 1024
1030 1024
1030 1022
1030 1022
1030 1026
1030 1027
1030 1019
1030 1024
1030 1025
1030 1021
1030 1024
1040 1033
1040 1033
1040 1035
1040 1034
1040 1036
1040 1033
1040 1037
1040 1038
1040 1031
1040 1027
1040 1032
1040 1035
1040 1032
1040 1032
1040 1037
1040 1034
1040 1031
1040 1031
1040 1030
1040 1030
1040 1031
1040 1032
1040 1032
1040 1033
1040 1032
1040 1031
1040 1030
1040 1032
1040 1031
1040 1037
1040 1034
1040 1024
1040 1035
1040 1031
1040 1034
1040 1029
1040 1035
1040 1033
1040 1035
1040 1036
1040 1035
1040 1031
1040 1033
1040 1033
1040 1033
1040 1029
1040 1033
1040 1031
1040 1038
1040 1032
1050 1044
1050 1043
1050 1043
1050 1043
1050 1040
1050 1042
1050 1041
1050 1044
1050 1043
1050 1039
1050 1045
1050 1045
1050 1044
1050 1046
1050 1041
1050 1045
1050 1048
1050 1045
1050 1038
1050 1044
1050 1046
1050 1044
1050 1037
1050 1045
1050 1041
1050 1044
1050 1044
1050 1042
1050 1043
1050 1041
1050 1043
1050 1041
1050 1043
1050 1043
1050 1044
1050 1046
1050 1046
1050 1043
1050 1047
1050 1042
1050 1042
1050 1042
1050 1039
1050 1040
1050 1046
1050 1041
1050 1042
1050 1041
1050 1045
1050 1040
1060 1051
1060 1055
1060 1053
1060 1053
1060 1055
1060 1055
1060 1052
1060 1049
1060 1053
1060 1050
1060 1053
1060 1054
1060 1054
1060 1049
1060 1053
1060 1054
1060 1052
1060 1051
1060 1056
1060 1055
1060 1054
1060 1053
1060 1052
1060 1050
1060 1051
1060 1054
1060 1052
1060 1054
1060 1057
1060 1053
1060 1052
1060 1054
1060 1054
1060 1055
1060 1055
1060 1053
1060 1049
1060 1055
1060 1053
1060 1051
1060 1054
1060 1047
1060 1055
1060 1052
1060 1053
1060 1053
1060 1056
1060 1050
1060 1054
1060 1051
1070 1062
1070 1064
1070 1063
1070 1063
1070 1061
1070 1062
1070 1067
1070 1065
1070 1065
1070 1068
1070 1061
1070 1066
1070 1063
1070 1062
1070 1063
1070 1062
1070 1065
1070 1067
1070 1066
1070 1066
1070 1066
1070 1065
1070 1067
1070 1062
1070 1061
1070 1065
1070 1061
1070 1066
1070 1063
1070 1060
1070 1062
1070 1062
1070 1064
1070 1062
1070 1066
1070 1063
1070 1062
1070 1061
1070 1062
1070 1061
1070 1065
1070 1064
1070 1063
1070 1067
1070 1063
1070 1062
1070 1067
1070 1064
1070 1064
1070 1061
1080 1075
1080 1076
1080 1070
1080 1074
1080 1077
1080 1073
1080 1073
1080 1076
1080 1073
1080 1077
1080 1069
1080 1072
1080 1074
1080 1074
1080 1074
1080 1071
1080 1075
1080 1076
1080 1074
1080 1069
1080 1070
1080 1075
1080 1072
1080 1074
1080 1069
1080 1071
1080 1071
1080 1075
1080 1072
1080 1074
1080 1068
1080 1077
1080 1074
1080 1072
1080 1072
1080 1074
1080 1075
1080 1071
1080 1077
1080 1074
1080 1073
1080 1070
1080 1071
1080 1072
1080 1073
1080 1069
1080 1075
1080 1073
1080 1076
1080 1072
1090 1083
1090 1086
1090 1083
1090 1085
1090 1082
1090 1081
1090 1087
1090 1082
1090 1080
1090 1079
1090 1083
1090 1081
1090 1083
1090 1085
1090 1081
1090 1081
1090 1083
1090 1082
1090 1084
1090 1081
1090 1081
1090 1084
1090 1079
1090 1082
1090 1084
1090 1082
1090 1084
1090 1089
1090 1082
1090 1086
1090 1081
1090 1082
1090 1078
1090 1084
1090 1083
1090 1083
1090 1081
1090 1080
1090 1085
1090 1087
1090 1087
1090 1082
1090 1081
1090 1082
1090 1081
1090 1080
1090 1086
1090 1087
1090 1087
1090 1085
1100 1094
1100 1093
1100 1093
1100 1095
1100 1090
1100 1097
1100 1091
1100 1093
1100 1092
1100 1089
1100 1093
1100 1094
1100 1092
1100 1093
1100 1093
1100 1090
1100 1092
1100 1098
1100 1092
1100 1092
1100 1091
1100 1097
1100 1091
1100 1094
1100 1091
1100 1095
1100 1096
1100 1091
1100 1090
1100 1092
1100 1095
1100 1095
1100 1095
1100 1097
1100 1094
1100 1094
1100 1093
1100 1095
1100 1091
1100 1094
1100 1098
1100 1095
1100 1091
1100 1092
1100 1092
1100 1099
1100 1093
1100 1097
1100 1091
1100 1096
1110 1105
1110 1098
1110 1106
1110 1102
1110 1100
1110 1103
1110 1104
1110 1101
1110 1101
1110 1106
1110 1104
1110 1102
1110 1101
1110 1106
1110 1098
1110 1105
1110 1105
1110 1102
1110 1102
1110 1102
1110 1103
1110 1100
1110 1107
1110 1105
1110 1103
1110 1104
1110 1102
1110 1104
1110 1104
1110 1101
1110 1099
1110 1101
1110 1103
1110 1104
1110 1102
1110 1100
1110 1105
1110 1105
1110 1104
1110 1100
1110 1099
1110 1103
1110 1100
1110 1105
1110 1102
1110 1106
1110 1103
1110 1103
1110 1103
1110 1102
1120 1114
1120 1111
1120 1110
1120 1109
1120 1113
1120 1116
1120 1116
1120 1110
1120 1113
1120 1112
1120 1108
1120 1111
1120 1112
1120 1112
1120 1112
1120 1115
1120 1112
1120 1111
1120 1115
1120 1109
1120 1111
1120 1112
1120 1113
1120 1112
1120 1115
1120 1114
1120 1110
1120 1115
1120 1115
1120 1115
1120 1113
1120 1112
1120 1114
1120 1114
1120 1111
1120 1114
1120 1113
1120 1115
1120 1106
1120 1116
1120 1115
1120 1110
1120 1112
1120 1108
1120 1113
1120 1113
1120 1113
1120 1113
1120 1114
1120 1115
1130 1122
1130 1117
1130 1119
1130 1120
1130 1122
1130 1125
1130 1123
1130 1116
1130 1121
1130 1120
1130 1121
1130 1122
1130 1113
1130 1115
1130 1126
1130 1123
1130 1122
1130 1124
1130 1123
1130 1124
1130 1123
1130 1122
1130 1123
1130 1123
1130 1124
1130 1124
1130 1122
1130 1123
1130 1124
1130 1124
1130 1125
1130 1120
1130 1124
1130 1126
1130 1126
1130 1122
1130 1124
1130 1123
1130 1126
1130 1122
1130 1123
1130 1123
1130 1121
1130 1123
1130 1126
1130 1123
1130 1125
1130 1125
1130 1125
1130 1124
1140 1135
1140 1131
1140 1132
1140 1136
1140 1133
1140 1135
1140 1133
1140 1135
1140 1132
1140 1131
1140 1133
1140 1135
1140 1131
1140 1135
1140 1134
1140 1135
1140 1137
1140 1129
1140 1132
1140 1134
1140 1132
1140 1131
1140 1137
1140 1133
1140 1133
1140 1133
1140 1132
1140 1135
1140 1134
1140 1135
1140 1134
1140 1130
1140 1136
1140 1132
1140 1135
1140 1132
1140 1128
1140 1131
1140 1135
1140 1135
1140 1135
1140 1134
1140 1136
1140 1135
1140 1133
1140 1136
1140 1133
1140 1135
1140 1131
1140 1132
1150 1143
1150 1145
1150 1139
1150 1141
1150 1143
1150 1141
1150 1143
1150 1141
1150 1144
1150 1143
1150 1143
1150 1137
1150 1145
1150 1143
1150 1138
1150 1146
1150 1141
1150 1144
1150 1145
1150 1143
1150 1143
1150 1138
1150 1140
1150 1146
1150 1140
1150 1146
1150 1142
1150 1145
1150 1140
1150 1144
1150 1142
1150 1140
1150 1142
1150 1141
1150 1146
1150 1146
1150 1142
1150 1144
1150 1144
1150 1142
1150 1144
1150 1141
1150 1142
1150 1143
1150 1143
1150 1146
1150 1144
1150 1144
1150 1142
1150 1139
1160 1149
1160 1152
1160 1151
1160 1151
1160 1151
1160 1156
1160 1156
1160 1157
1160 1153
1160 1156
1160 1150
1160 1153
1160 1154
1160 1157
1160 1151
1160 1154
1160 1153
1160 1155
1160 1148
1160 1154
1160 1152
1160 1155
1160 1155
1160 1152
1160 1153
1160 1158
1160 1155
1160 1154
1160 1152
1160 1155
1160 1152
1160 1154
1160 1151
1160 1150
1160 1153
1160 1153
1160 1153
1160 1155
1160 1153
1160 1151
1160 1154
1160 1149
1160 1152
1160 1154
1160 1156
1160 1152
1160 1151
1160 1154
1160 1152
1160 1154
1170 1164
1170 1160
1170 1164
1170 1166
1170 1159
1170 1168
1170 1161
1170 1168
1170 1156
1170 1164
1170 1163
1170 1161
1170 1164
1170 1164
1170 1161
1170 1164
1170 1163
1170 1163
1170 1160
1170 1162
1170 1165
1170 1163
1170 1160
1170 1165
1170 1159
1170 1164
1170 1163
1170 1161
1170 1164
1170 1164
1170 1162
1170 1157
1170 1163
1170 1165
1170 1158
1170 1160
1170 1166
1170 1161
1170 1164
1170 1163
1170 1163
1170 1167
1170 1161
1170 1167
1170 1165
1170 1162
1170 1161
1170 1163
1170 1159
1170 1166
1180 1172
1180 1173
1180 1169
1180 1173
1180 1172
1180 1172
1180 1172
1180 1172
1180 1173
1180 1171
1180 1173
1180 1172
1180 1174
1180 1175
1180 1172
1180 1174
1180 1174
1180 1168
1180 1170
1180 1172
1180 1175
1180 1175
1180 1175
1180 1170
1180 1171
1180 1173
1180 1173
1180 1170
1180 1169
1180 1172
1180 1173
1180 1176
1180 1176
1180 1173
1180 1168
1180 1173
1180 1177
1180 1175
1180 1176
1180 1174
1180 1176
1180 1173
1180 1171
1180 1172
1180 1173
1180 1172
1180 1169
1180 1177
1180 1172
1180 1175
1190 1184
1190 1183
1190 1185
1190 1181
1190 1185
1190 1181
1190 1182
1190 1179
1190 1182
1190 1184
1190 1182
1190 1184
1190 1183
1190 1185
1190 1183
1190 1185
1190 1184
1190 1184
1190 1185
1190 1183
1190 1184
1190 1181
1190 1181
1190 1182
1190 1187
1190 1181
1190 1182
1190 1189
1190 1181
1190 1181
1190 1182
1190 1187
1190 1180
1190 1181
1190 1186
1190 1181
1190 1187
1190 1186
1190 1183
1190 1185
1190 1179
1190 1184
1190 1183
1190 1185
1190 1184
1190 1182
1190 1182
1190 1178
1190 1186
1190 1182
1200 1193
1200 1197
1200 1195
1200 1194
1200 1194
1200 1193
1200 1191
1200 1196
1200 1190
1200 1190
1200 1192
1200 1191
1200 1190
1200 1195
1200 1196
1200 1192
1200 1190
1200 1194
1200 1189
1200 1197
1200 1191
1200 1195
1200 1191
1200 1191
1200 1191
1200 1190
1200 1194
1200 1193
1200 1197
1200 1195
1200 1192
1200 1190
1200 1193
1200 1187
1200 1191
1200 1193
1200 1188
1200 1192
1200 1196
1200 1192
1200 1193
1200 1192
1200 1197
1200 1187
1200 1192
1200 1195
1200 1193
1200 1194
1200 1193
1200 1196
1210 1196
1210 1200
1210 1202
1210 1206
1210 1205
1210 1205
1210 1203
1210 1200
1210 1204
1210 1203
1210 1201
1210 1205
1210 1196
1210 1201
1210 1200
1210 1201
1210 1199
1210 1203
1210 1201
1210 1204
1210 1206
1210 1207
1210 1201
1210 1203
1210 1201
1210 1202
1210 1199
1210 1205
1210 1203
1210 1194
1210 1201
1210 1205
1210 1204
1210 1202
1210 1206
1210 1203
1210 1205
1210 1201
1210 1205
1210 1206
1210 1202
1210 1202
1210 1201
1210 1198
1210 1205
1210 1199
1210 1204
1210 1202
1210 1204
1210 1202
1220 1214
1220 1215
1220 1217
1220 1213
1220 1214
1220 1210
1220 1212
1220 1213
1220 1208
1220 1215
1220 1214
1220 1211
1220 1214
1220 1216
1220 1213
1220 1214
1220 1210
1220 1213
1220 1214
1220 1212
1220 1206
1220 1212
1220 1208
1220 1214
1220 1213
1220 1213
1220 1210
1220 1213
1220 1213
1220 1210
1220 1214
1220 1215
1220 1215
1220 1212
1220 1209
1220 1213
1220 1216
1220 1208
1220 1214
1220 1213
1220 1212
1220 1212
1220 1215
1220 1209
1220 1213
1220 1214
1220 1213
1220 1214
1220 1212
1220 1209
1230 1219
1230 1219
1230 1225
1230 1222
1230 1224
1230 1220
1230 1222
1230 1224
1230 1221
1230 1225
1230 1222
1230 1225
1230 1222
1230 1221
1230 1219
1230 1227
1230 1222
1230 1221
1230 1219
1230 1221
1230 1222
1230 1224
1230 1217
1230 1221
1230 1223
1230 1223
1230 1225
1230 1222
1230 1223
1230 1223
1230 1223
1230 1224
1230 1219
1230 1223
1230 1223
1230 1219
1230 1225
1230 1224
1230 1223
1230 1221
1230 1219
1230 1224
1230 1220
1230 1226
1230 1222
1230 1219
1230 1223
1230 1221
1230 1226
1230 1221
1240 1234
1240 1230
1240 1234
1240 1232
1240 1235
1240 1234
1240 1234
1240 1237
1240 1234
1240 1228
1240 1235
1240 1234
1240 1233
1240 1234
1240 1235
1240 1230
1240 1232
1240 1235
1240 1233
1240 1233
1240 1234
1240 1232
1240 1237
1240 1230
1240 1234
1240 1230
1240 1237
1240 1232
1240 1235
1240 1234
1240 1235
1240 1235
1240 1235
1240 1226
1240 1235
1240 1229
1240 1236
1240 1235
1240 1237
1240 1232
1240 1230
1240 1232
1240 1232
1240 1234
1240 1230
1240 1232
1240 1235
1240 1237
1240 1237
1240 1230
1250 1241
1250 1239
1250 1242
1250 1237
1250 1239
1250 1240
1250 1243
1250 1242
1250 1242
1250 1246
1250 1244
1250 1245
1250 1242
1250 1243
1250 1243
1250 1245
1250 1241
1250 1242
1250 1242
1250 1243
1250 1242
1250 1240
1250 1243
1250 1244
1250 1243
1250 1242
1250 1247
1250 1245
1250 1247
1250 1235
1250 1242
1250 1242
1250 1245
1250 1244
1250 1241
1250 1242
1250 1244
1250 1240
1250 1242
1250 1246
1250 1241
1250 1242
1250 1243
1250 1238
1250 1241
1250 1243
1250 1245
1250 1244
1250 1242
1250 1245
1260 1257
1260 1251
1260 1253
1260 1252
1260 1254
1260 1258
1260 1250
1260 1255
1260 1253
1260 1253
1260 1251
1260 1253
1260 1256
1260 1249
1260 1254
1260 1253
1260 1255
1260 1254
1260 1257
1260 1252
1260 1254
1260 1250
1260 1254
1260 1250
1260 1251
1260 1252
1260 1257
1260 1253
1260 1252
1260 1255
1260 1252
1260 1248
1260 1251
1260 1251
1260 1254
1260 1248
1260 1254
1260 1251
1260 1254
1260 1254
1260 1255
1260 1255
1260 1252
1260 1253
1260 1255
1260 1253
1260 1254
1260 1250
1260 1254
1260 1253
1270 1264
1270 1264
1270 1266
1270 1264
1270 1260
1270 1262
1270 1260
1270 1266
1270 1262
1270 1262
1270 1263
1270 1260
1270 1258
1270 1263
1270 1264
1270 1259
1270 1260
1270 1265
1270 1268
1270 1265
1270 1261
1270 1263
1270 1264
1270 1267
1270 1265
1270 1263
1270 1260
1270 1261
1270 1262
1270 1263
1270 1259
1270 1258
1270 1259
1270 1259
1270 1260
1270 1260
1270 1265
1270 1266
1270 1259
1270 1265
1270 1264
1270 1264
1270 1263
1270 1265
1270 1263
1270 1266
1270 1267
1270 1264
1270 1263
1270 1267
1280 1272
1280 1276
1280 1274
1280 1269
1280 1274
1280 1275
1280 1273
1280 1271
1280 1272
1280 1274
1280 1276
1280 1275
1280 1274
1280 1275
1280 1273
1280 1272
1280 1271
1280 1273
1280 1267
1280 1273
1280 1277
1280 1276
1280 1275
1280 1272
1280 1273
1280 1272
1280 1271
1280 1272
1280 1274
1280 1268
1280 1272
1280 1273
1280 1269
1280 1274
1280 1273
1280 1271
1280 1270
1280 1271
1280 1276
1280 1272
1280 1275
1280 1268
1280 1273
1280 1275
1280 1266
1280 1274
1280 1271
1280 1277
1280 1271
1280 1271
1290 1280
1290 1280
1290 1281
1290 1280
1290 1284
1290 1279
1290 1284
1290 1283
1290 1282
1290 1284
1290 1283
1290 1283
1290 1281
1290 1276
1290 1281
1290 1286
1290 1284
1290 1281
1290 1285
1290 1281
1290 1282
1290 1280
1290 1284
1290 1286
1290 1278
1290 1281
1290 1284
1290 1279
1290 1280
1290 1287
1290 1280
1290 1282
1290 1280
1290 1285
1290 1281
1290 1282
1290 1283
1290 1282
1290 1284
1290 1282
1290 1283
1290 1286
1290 1282
1290 1281
1290 1283
1290 1286
1290 1283
1290 1284
1290 1282
1290 1282
1300 1294
1300 1293
1300 1290
1300 1295
1300 1293
1300 1292
1300 1292
1300 1296
1300 1295
1300 1294
1300 1290
1300 1297
1300 1293
1300 1292
1300 1295
1300 1294
1300 1289
1300 1293
1300 1292
1300 1296
1300 1290
1300 1288
1300 1295
1300 1296
1300 1290
1300 1289
1300 1291
1300 1293
1300 1288
1300 1295
1300 1293
1300 1292
1300 1291
1300 1295
1300 1293
1300 1293
1300 1290
1300 1291
1300 1292
1300 1293
1300 1295
1300 1295
1300 1290
1300 1296
1300 1291
1300 1291
1300 1292
1300 1296
1300 1293
1300 1290
1310 1303
1310 1302
1310 1301
1310 1305
1310 1302
1310 1302
1310 1304
1310 1302
1310 1303
1310 1308
1310 1303
1310 1305
1310 1300
1310 1302
1310 1302
1310 1302
1310 1304
1310 1301
1310 1303
1310 1305
1310 1299
1310 1305
1310 1301
1310 1307
1310 1301
1310 1298
1310 1299
1310 1303
1310 1301
1310 1303
1310 1307
1310 1302
1310 1301
1310 1306
1310 1302
1310 1304
1310 1304
1310 1300
1310 1300
1310 1302
1310 1305
1310 1304
1310 1307
1310 1293
1310 1307
1310 1304
1310 1301
1310 1306
1310 1303
1310 1305
1320 1307
1320 1314
1320 1311
1320 1311
1320 1312
1320 1314
1320 1310
1320 1313
1320 1314
1320 1311
1320 1311
1320 1312
1320 1315
1320 1318
1320 1314
1320 1313
1320 1315
1320 1313
1320 1313
1320 1315
1320 1308
1320 1312
1320 1313
1320 1311
1320 1312
1320 1314
1320 1312
1320 1311
1320 1309
1320 1313
1320 1313
1320 1315
1320 1313
1320 1316
1320 1312
1320 1315
1320 1317
1320 1314
1320 1316
1320 1318
1320 1313
1320 1312
1320 1315
1320 1310
1320 1317
1320 1316
1320 1310
1320 1308
1320 1310
1320 1313
1330 1325
1330 1323
1330 1322
1330 1322
1330 1321
1330 1318
1330 1323
1330 1316
1330 1320
1330 1321
1330 1320
1330 1322
1330 1320
1330 1320
1330 1322
1330 1320
1330 1318
1330 1323
1330 1322
1330 1326
1330 1323
1330 1320
1330 1325
1330 1325
1330 1326
1330 1323
1330 1320
1330 1321
1330 1324
1330 1324
1330 1325
1330 1325
1330 1320
1330 1325
1330 1318
1330 1324
1330 1323
1330 1321
1330 1321
1330 1324
1330 1319
1330 1325
1330 1325
1330 1321
1330 1322
1330 1324
1330 1323
1330 1327
1330 1323
1330 1321
1340 1331
1340 1334
1340 1332
1340 1335
1340 1335
1340 1335
1340 1334
1340 1335
1340 1331
1340 1334
1340 1336
1340 1334
1340 1332
1340 1331
1340 1336
1340 1334
1340 1335
1340 1336
1340 1336
1340 1328
1340 1335
1340 1328
1340 1334
1340 1330
1340 1329
1340 1335
1340 1330
1340 1331
1340 1328
1340 1328
1340 1332
1340 1331
1340 1334
1340 1336
1340 1333
1340 1333
1340 1332
1340 1330
1340 1332
1340 1335
1340 1330
1340 1334
1340 1330
1340 1329
1340 1332
1340 1332
1340 1331
1340 1333
1340 1331
1340 1334
1350 1339
1350 1341
1350 1343
1350 1344
1350 1339
1350 1344
1350 1341
1350 1347
1350 1342
1350 1346
1350 1342
1350 1342
1350 1340
1350 1344
1350 1338
1350 1343
1350 1345
1350 1340
1350 1337
1350 1346
1350 1338
1350 1346
1350 1342
1350 1342
1350 1342
1350 1342
1350 1341
1350 1343
1350 1340
1350 1341
1350 1341
1350 1345
1350 1344
1350 1344
1350 1344
1350 1342
1350 1342
1350 1345
1350 1341
1350 1344
1350 1346
1350 1343
1350 1341
1350 1341
1350 1341
1350 1345
1350 1342
1350 1341
1350 1343
1350 1346
1360 1354
1360 1353
1360 1350
1360 1354
1360 1353
1360 1354
1360 1352
1360 1352
1360 1356
1360 1348
1360 1350
1360 1351
1360 1352
1360 1350
1360 1349
1360 1352
1360 1348
1360 1355
1360 1355
1360 1348
1360 1355
1360 1346
1360 1354
1360 1355
1360 1354
1360 1349
1360 1351
1360 1354
1360 1355
1360 1352
1360 1352
1360 1349
1360 1350
1360 1352
1360 1354
1360 1354
1360 1346
1360 1354
1360 1356
1360 1348
1360 1350
1360 1355
1360 1354
1360 1353
1360 1354
1360 1354
1360 1354
1360 1357
1360 1354
1360 1353
1370 1362
1370 1360
1370 1365
1370 1366
1370 1362
1370 1365
1370 1357
1370 1360
1370 1365
1370 1363
1370 1360
1370 1361
1370 1361
1370 1366
1370 1363
1370 1361
1370 1362
1370 1366
1370 1364
1370 1362
1370 1362
1370 1364
1370 1366
1370 1367
1370 1363
1370 1359
1370 1364
1370 1362
1370 1365
1370 1363
1370 1364
1370 1362
1370 1361
1370 1366
1370 1364
1370 1365
1370 1366
1370 1365
1370 1364
1370 1366
1370 1366
1370 1360
1370 1359
1370 1364
1370 1361
1370 1363
1370 1364
1370 1366
1370 1360
1370 1362
1380 1374
1380 1375
1380 1373
1380 1376
1380 1373
1380 1374
1380 1378
1380 1369
1380 1369
1380 1372
1380 1373
1380 1376
1380 1372
1380 1374
1380 1369
1380 1373
1380 1370
1380 1376
1380 1373
1380 1374
1380 1371
1380 1375
1380 1374
1380 1368
1380 1371
1380 1371
1380 1373
1380 1370
1380 1367
1380 1376
1380 1373
1380 1373
1380 1367
1380 1372
1380 1379
1380 1374
1380 1376
1380 1376
1380 1377
1380 1376
1380 1376
1380 1375
1380 1373
1380 1372
1380 1371
1380 1368
1380 1373
1380 1371
1380 1374
1380 1376
1390 1383
1390 1381
1390 1386
1390 1382
1390 1380
1390 1382
1390 1383
1390 1378
1390 1384
1390 1382
1390 1383
1390 1386
1390 1387
1390 1383
1390 1381
1390 1384
1390 1384
1390 1384
1390 1381
1390 1380
1390 1383
1390 1383
1390 1381
1390 1386
1390 1387
1390 1386
1390 1381
1390 1385
1390 1386
1390 1381
1390 1384
1390 1383
1390 1380
1390 1384
1390 1382
1390 1383
1390 1382
1390 1382
1390 1381
1390 1383
1390 1380
1390 1384
1390 1383
1390 1379
1390 1385
1390 1383
1390 1387
1390 1381
1390 1382
1390 1381
1400 1395
1400 1392
1400 1396
1400 1395
1400 1392
1400 1390
1400 1388
1400 1388
1400 1392
1400 1395
1400 1394
1400 1396
1400 1395
1400 1392
1400 1392
1400 1393
1400 1393
1400 1387
1400 1392
1400 1392
1400 1394
1400 1395
1400 1392
1400 1391
1400 1390
1400 1389
1400 1394
1400 1392
1400 1394
1400 1394
1400 1394
1400 1391
1400 1390
1400 1393
1400 1391
1400 1394
1400 1395
1400 1396
1400 1388
1400 1395
1400 1396
1400 1396
1400 1393
1400 1397
1400 1389
1400 1393
1400 1394
1400 1390
1400 1393
1400 1394
1410 1404
1410 1402
1410 1404
1410 1402
1410 1404
1410 1403
1410 1406
1410 1402
1410 1401
1410 1403
1410 1406
1410 1398
1410 1405
1410 1403
1410 1397
1410 1405
1410 1402
1410 1400
1410 1399
1410 1406
1410 1404
1410 1402
1410 1400
1410 1402
1410 1406
1410 1407
1410 1398
1410 1405
1410 1398
1410 1403
1410 1403
1410 1401
1410 1399
1410 1405
1410 1406
1410 1402
1410 1408
1410 1398
1410 1402
1410 1403
1410 1401
1410 1401
1410 1402
1410 1406
1410 1398
1410 1401
1410 1406
1410 1396
1410 1406
1410 1408
1420 1412
1420 1415
1420 1410
1420 1415
1420 1411
1420 1406
1420 1414
1420 1415
1420 1410
1420 1410
1420 1412
1420 1412
1420 1413
1420 1414
1420 1414
1420 1406
1420 1418
1420 1413
1420 1410
1420 1413
1420 1411
1420 1412
1420 1413
1420 1413
1420 1416
1420 1412
1420 1412
1420 1410
1420 1415
1420 1407
1420 1411
1420 1415
1420 1411
1420 1414
1420 1413
1420 1412
1420 1412
1420 1416
1420 1415
1420 1415
1420 1414
1420 1411
1420 1412
1420 1415
1420 1413
1420 1417
1420 1413
1420 1415
1420 1415
1420 1417
1430 1423
1430 1422
1430 1420
1430 1424
1430 1422
1430 1423
1430 1421
1430 1425
1430 1426
1430 1421
1430 1425
1430 1423
1430 1423
1430 1421
1430 1424
1430 1424
1430 1425
1430 1424
1430 1422
1430 1427
1430 1424
1430 1422
1430 1423
1430 1423
1430 1421
1430 1425
1430 1425
1430 1424
1430 1422
1430 1417
1430 1425
1430 1426
1430 1423
1430 1424
1430 1423
1430 1422
1430 1419
1430 1424
1430 1426
1430 1418
1430 1424
1430 1424
1430 1424
1430 1426
1430 1418
1430 1423
1430 1425
1430 1421
1430 1424
1430 1422
1440 1430
1440 1431
1440 1434
1440 1431
1440 1433
1440 1431
1440 1427
1440 1432
1440 1431
1440 1431
1440 1434
1440 1435
1440 1431
1440 1429
1440 1435
1440 1435
1440 1431
1440 1431
1440 1432
1440 1433
1440 1430
1440 1433
1440 1434
1440 1430
1440 1436
1440 1432
1440 1430
1440 1435
1440 1435
1440 1433
1440 1431
1440 1433
1440 1429
1440 1431
1440 1431
1440 1431
1440 1435
1440 1433
1440 1434
1440 1431
1440 1434
1440 1432
1440 1438
1440 1432
1440 1430
1440 1428
1440 1433
1440 1431
1440 1431
1440 1435
1450 1441
1450 1446
1450 1443
1450 1440
1450 1439
1450 1444
1450 1444
1450 1445
1450 1444
1450 1443
1450 1443
1450 1443
1450 1445
1450 1437
1450 1445
1450 1441
1450 1442
1450 1442
1450 1442
1450 1443
1450 1444
1450 1444
1450 1441
1450 1447
1450 1437
1450 1442
1450 1442
1450 1443
1450 1444
1450 1444
1450 1442
1450 1441
1450 1442
1450 1448
1450 1447
1450 1438
1450 1440
1450 1446
1450 1448
1450 1440
1450 1443
1450 1439
1450 1442
1450 1445
1450 1445
1450 1440
1450 1447
1450 1441
1450 1441
1450 1441
1460 1452
1460 1456
1460 1452
1460 1456
1460 1456
1460 1453
1460 1456
1460 1452
1460 1451
1460 1452
1460 1451
1460 1452
1460 1454
1460 1451
1460 1452
1460 1455
1460 1456
1460 1451
1460 1452
1460 1452
1460 1453
1460 1451
1460 1454
1460 1449
1460 1452
1460 1453
1460 1453
1460 1454
1460 1454
1460 1450
1460 1455
1460 1454
1460 1450
1460 1453
1460 1451
1460 1451
1460 1457
1460 1450
1460 1452
1460 1445
1460 1454
1460 1451
1460 1455
1460 1454
1460 1452
1460 1451
1460 1452
1460 1455
1460 1453
1460 1453
1470 1466
1470 1464
1470 1462
1470 1456
1470 1463
1470 1458
1470 1462
1470 1462
1470 1466
1470 1460
1470 1464
1470 1464
1470 1465
1470 1465
1470 1462
1470 1460
1470 1459
1470 1460
1470 1465
1470 1463
1470 1460
1470 1461
1470 1463
1470 1458
1470 1463
1470 1462
1470 1463
1470 1465
1470 1460
1470 1463
1470 1461
1470 1466
1470 1465
1470 1461
1470 1460
1470 1464
1470 1462
1470 1465
1470 1464
1470 1464
1470 1465
1470 1463
1470 1464
1470 1461
1470 1464
1470 1463
1470 1462
1470 1468
1470 1464
1470 1459
1480 1473
1480 1474
1480 1475
1480 1474
1480 1475
1480 1475
1480 1472
1480 1472
1480 1472
1480 1473
1480 1473
1480 1473
1480 1472
1480 1477
1480 1474
1480 1474
1480 1472
1480 1473
1480 1474
1480 1470
1480 1470
1480 1473
1480 1474
1480 1471
1480 1473
1480 1472
1480 1474
1480 1472
1480 1474
1480 1477
1480 1473
1480 1476
1480 1471
1480 1471
1480 1472
1480 1476
1480 1472
1480 1471
1480 1470
1480 1475
1480 1468
1480 1469
1480 1470
1480 1476
1480 1474
1480 1470
1480 1475
1480 1476
1480 1473
1480 1471
1490 1479
1490 1482
1490 1484
1490 1485
1490 1478
1490 1482
1490 1479
1490 1485
1490 1483
1490 1480
1490 1479
1490 1486
1490 1481
1490 1484
1490 1483
1490 1486
1490 1484
1490 1479
1490 1485
1490 1484
1490 1480
1490 1474
1490 1481
1490 1484
1490 1482
1490 1484
1490 1486
1490 1483
1490 1487
1490 1483
1490 1485
1490 1479
1490 1479
1490 1487
1490 1478
1490 1483
1490 1485
1490 1487
1490 1483
1490 1484
1490 1485
1490 1479
1490 1483
1490 1489
1490 1480
1490 1484
1490 1484
1490 1477
1490 1483
1490 1484
1500 1493
1500 1492
1500 1494
1500 1492
1500 1496
1500 1492
1500 1491
1500 1493
1500 1494
1500 1493
1500 1493
1500 1493
1500 1494
1500 1492
1500 1495
1500 1495
1500 1493
1500 1493
1500 1494
1500 1495
1500 1496
1500 1494
1500 1495
1500 1497
1500 1487
1500 1492
1500 1490
1500 1495
1500 1496
1500 1491
1500 1490
1500 1496
1500 1493
1500 1491
1500 1494
1500 1493
1500 1495
1500 1495
1500 1491
1500 1491
1500 1495
1500 1493
1500 1492
1500 1490
1500 1495
1500 1490
1500 1496
1500 1492
1500 1492
1500 1492
1510 1504
1510 1501
1510 1505
1510 1504
1510 1500
1510 1499
1510 1501
1510 1500
1510 1505
1510 1506
1510 1499
1510 1500
1510 1500
1510 1503
1510 1504
1510 1506
1510 1503
1510 1503
1510 1504
1510 1504
1510 1498
1510 1500
1510 1506
1510 1504
1510 1505
1510 1502
1510 1504
1510 1507
1510 1505
1510 1506
1510 1501
1510 1497
1510 1506
1510 1504
1510 1504
1510 1504
1510 1501
1510 1506
1510 1502
1510 1503
1510 1503
1510 1501
1510 1506
1510 1498
1510 1504
1510 1504
1510 1504
1510 1504
1510 1503
1510 1504
1520 1510
1520 1513
1520 1511
1520 1511
1520 1511
1520 1512
1520 1513
1520 1508
1520 1517
1520 1511
1520 1511
1520 1515
1520 1517
1520 1515
1520 1517
1520 1516
1520 1509
1520 1511
1520 1508
1520 1515
1520 1516
1520 1513
1520 1509
1520 1515
1520 1514
1520 1513
1520 1514
1520 1516
1520 1515
1520 1511
1520 1512
1520 1514
1520 1513
1520 1510
1520 1515
1520 1512
1520 1512
1520 1512
1520 1514
1520 1512
1520 1512
1520 1515
1520 1513
1520 1514
1520 1509
1520 1515
1520 1510
1520 1514
1520 1510
1520 1513
1530 1521
1530 1524
1530 1524
1530 1523
1530 1523
1530 1522
1530 1522
1530 1527
1530 1524
1530 1521
1530 1523
1530 1520
1530 1526
1530 1523
1530 1524
1530 1524
1530 1523
1530 1524
1530 1524
1530 1524
1530 1524
1530 1520
1530 1522
1530 1526
1530 1519
1530 1525
1530 1521
1530 1522
1530 1521
1530 1522
1530 1525
1530 1524
1530 1524
1530 1526
1530 1524
1530 1523
1530 1525
1530 1524
1530 1522
1530 1525
1530 1523
1530 1523
1530 1521
1530 1524
1530 1525
1530 1522
1530 1521
1530 1520
1530 1523
1530 1517
1540 1533
1540 1536
1540 1534
1540 1535
1540 1530
1540 1532
1540 1534
1540 1534
1540 1532
1540 1533
1540 1535
1540 1529
1540 1533
1540 1536
1540 1532
1540 1538
1540 1533
1540 1531
1540 1534
1540 1534
1540 1533
1540 1530
1540 1534
1540 1534
1540 1535
1540 1534
1540 1535
1540 1535
1540 1530
1540 1536
1540 1532
1540 1535
1540 1529
1540 1536
1540 1531
1540 1535
1540 1535
1540 1532
1540 1534
1540 1531
1540 1533
1540 1531
1540 1530
1540 1533
1540 1534
1540 1529
1540 1531
1540 1534
1540 1532
1540 1537
1550 1543
1550 1544
1550 1540
1550 1543
1550 1547
1550 1547
1550 1539
1550 1545
1550 1542
1550 1545
1550 1544
1550 1541
1550 1539
1550 1545
1550 1541
1550 1538
1550 1541
1550 1539
1550 1542
1550 1545
1550 1546
1550 1544
1550 1538
1550 1540
1550 1542
1550 1543
1550 1544
1550 1545
1550 1542
1550 1543
1550 1543
1550 1545
1550 1546
1550 1547
1550 1545
1550 1544
1550 1542
1550 1545
1550 1542
1550 1545
1550 1539
1550 1547
1550 1545
1550 1544
1550 1544
1550 1544
1550 1540
1550 1544
1550 1544
1550 1544
1560 1549
1560 1553
1560 1552
1560 1551
1560 1555
1560 1550
1560 1548
1560 1556
1560 1552
1560 1554
1560 1555
1560 1553
1560 1553
1560 1551
1560 1550
1560 1551
1560 1550
1560 1551
1560 1556
1560 1553
1560 1548
1560 1551
1560 1553
1560 1557
1560 1553
1560 1551
1560 1552
1560 1553
1560 1554
1560 1555
1560 1552
1560 1552
1560 1557
1560 1555
1560 1554
1560 1555
1560 1550
1560 1556
1560 1551
1560 1555
1560 1551
1560 1555
1560 1555
1560 1550
1560 1551
1560 1555
1560 1551
1560 1552
1560 1550
1560 1556
1570 1563
1570 1562
1570 1565
1570 1565
1570 1565
1570 1560
1570 1561
1570 1560
1570 1561
1570 1565
1570 1567
1570 1562
1570 1562
1570 1564
1570 1562
1570 1565
1570 1561
1570 1561
1570 1556
1570 1564
1570 1564
1570 1564
1570 1564
1570 1566
1570 1562
1570 1563
1570 1561
1570 1561
1570 1566
1570 1561
1570 1562
1570 1560
1570 1561
1570 1565
1570 1562
1570 1560
1570 1565
1570 1563
1570 1564
1570 1564
1570 1561
1570 1561
1570 1560
1570 1566
1570 1563
1570 1562
1570 1562
1570 1564
1570 1561
1570 1565
1580 1576
1580 1570
1580 1572
1580 1572
1580 1576
1580 1572
1580 1573
1580 1571
1580 1571
1580 1572
1580 1573
1580 1575
1580 1575
1580 1575
1580 1574
1580 1572
1580 1575
1580 1573
1580 1570
1580 1564
1580 1574
1580 1575
1580 1572
1580 1569
1580 1573
1580 1572
1580 1570
1580 1570
1580 1573
1580 1573
1580 1576
1580 1575
1580 1572
1580 1569
1580 1572
1580 1572
1580 1573
1580 1571
1580 1572
1580 1575
1580 1574
1580 1573
1580 1570
1580 1571
1580 1575
1580 1572
1580 1575
1580 1573
1580 1573
1580 1570
1590 1581
1590 1580
1590 1584
1590 1583
1590 1577
1590 1578
1590 1579
1590 1583
1590 1585
1590 1583
1590 1584
1590 1578
1590 1585
1590 1584
1590 1583
1590 1580
1590 1581
1590 1579
1590 1585
1590 1583
1590 1584
1590 1585
1590 1580
1590 1583
1590 1584
1590 1581
1590 1582
1590 1580
1590 1584
1590 1583
1590 1579
1590 1582
1590 1583
1590 1577
1590 1578
1590 1586
1590 1580
1590 1581
1590 1580
1590 1582
1590 1583
1590 1585
1590 1577
1590 1580
1590 1582
1590 1578
1590 1578
1590 1583
1590 1582
1590 1584
1600 1592
1600 1591
1600 1594
1600 1594
1600 1594
1600 1594
1600 1594
1600 1591
1600 1593
1600 1592
1600 1592
1600 1588
1600 1596
1600 1593
1600 1594
1600 1595
1600 1595
1600 1595
1600 1596
1600 1592
1600 1591
1600 1591
1600 1594
1600 1590
1600 1594
1600 1595
1600 1596
1600 1594
1600 1596
1600 1595
1600 1593
1600 1593
1600 1591
1600 1593
1600 1590
1600 1594
1600 1595
1600 1591
1600 1592
1600 1587
1600 1594
1600 1593
1600 1597
1600 1591
1600 1593
1600 1595
1600 1593
1600 1593
1600 1594
1600 1594
1610 1607
1610 1602
1610 1606
1610 1602
1610 1600
1610 1601
1610 1602
1610 1606
1610 1601
1610 1603
1610 1599
1610 1607
1610 1601
1610 1601
1610 1603
1610 1599
1610 1603
1610 1605
1610 1600
1610 1606
1610 1599
1610 1602
1610 1601
1610 1601
1610 1603
1610 1602
1610 1603
1610 1601
1610 1601
1610 1600
1610 1603
1610 1602
1610 1601
1610 1601
1610 1602
1610 1607
1610 1600
1610 1601
1610 1603
1610 1605
1610 1602
1610 1603
1610 1602
1610 1599
1610 1603
1610 1606
1610 1606
1610 1604
1610 1600
1610 1600
1620 1613
1620 1614
1620 1614
1620 1611
1620 1611
1620 1615
1620 1610
1620 1611
1620 1613
1620 1614
1620 1614
1620 1612
1620 1612
1620 1613
1620 1613
1620 1612
1620 1613
1620 1615
1620 1613
1620 1613
1620 1611
1620 1614
1620 1616
1620 1614
1620 1613
1620 1612
1620 1611
1620 1615
1620 1614
1620 1611
1620 1617
1620 1615
1620 1613
1620 1613
1620 1607
1620 1611
1620 1615
1620 1611
1620 1608
1620 1611
1620 1615
1620 1611
1620 1613
1620 1614
1620 1611
1620 1615
1620 1611
1620 1613
1620 1615
1620 1610
1630 1624
1630 1621
1630 1622
1630 1624
1630 1622
1630 1624
1630 1623
1630 1623
1630 1624
1630 1626
1630 1623
1630 1625
1630 1617
1630 1620
1630 1619
1630 1621
1630 1627
1630 1623
1630 1621
1630 1621
1630 1622
1630 1623
1630 1627
1630 1620
1630 1613
1630 1623
1630 1613
1630 1620
1630 1626
1630 1623
1630 1618
1630 1622
1630 1620
1630 1625
1630 1624
1630 1623
1630 1623
1630 1621
1630 1623
1630 1622
1630 1624
1630 1623
1630 1623
1630 1623
1630 1624
1630 1622
1630 1625
1630 1624
1630 1626
1630 1619
1640 1633
1640 1632
1640 1634
1640 1629
1640 1631
1640 1631
1640 1629
1640 1634
1640 1632
1640 1630
1640 1635
1640 1633
1640 1635
1640 1631
1640 1632
1640 1635
1640 1634
1640 1632
1640 1630
1640 1629
1640 1635
1640 1627
1640 1633
1640 1630
1640 1630
1640 1630
1640 1635
1640 1630
1640 1629
1640 1634
1640 1632
1640 1632
1640 1634
1640 1630
1640 1633
1640 1633
1640 1633
1640 1635
1640 1635
1640 1633
1640 1632
1640 1634
1640 1631
1640 1634
1640 1635
1640 1633
1640 1633
1640 1633
1640 1631
1640 1632
1650 1641
1650 1640
1650 1648
1650 1643
1650 1638
1650 1638
1650 1642
1650 1640
1650 1641
1650 1642
1650 1645
1650 1640
1650 1642
1650 1644
1650 1643
1650 1645
1650 1637
1650 1644
1650 1639
1650 1646
1650 1641
1650 1641
1650 1638
1650 1646
1650 1645
1650 1640
1650 1640
1650 1641
1650 1645
1650 1638
1650 1642
1650 1644
1650 1638
1650 1643
1650 1642
1650 1646
1650 1648
1650 1640
1650 1645
1650 1641
1650 1645
1650 1639
1650 1646
1650 1647
1650 1644
1650 1639
1650 1639
1650 1646
1650 1642
1650 1643
1660 1651
1660 1649
1660 1650
1660 1652
1660 1653
1660 1653
1660 1654
1660 1653
1660 1652
1660 1651
1660 1655
1660 1653
1660 1652
1660 1652
1660 1649
1660 1653
1660 1656
1660 1654
1660 1650
1660 1656
1660 1654
1660 1648
1660 1654
1660 1653
1660 1653
1660 1655
1660 1655
1660 1650
1660 1652
1660 1652
1660 1649
1660 1652
1660 1655
1660 1650
1660 1652
1660 1655
1660 1652
1660 1652
1660 1650
1660 1656
1660 1654
1660 1651
1660 1652
1660 1651
1660 1652
1660 1653
1660 1651
1660 1650
1660 1649
1660 1651
1670 1665
1670 1664
1670 1663
1670 1661
1670 1660
1670 1659
1670 1663
1670 1664
1670 1660
1670 1663
1670 1662
1670 1666
1670 1664
1670 1661
1670 1666
1670 1664
1670 1667
1670 1661
1670 1667
1670 1663
1670 1662
1670 1666
1670 1661
1670 1661
1670 1665
1670 1661
1670 1663
1670 1661
1670 1658
1670 1662
1670 1658
1670 1662
1670 1660
1670 1655
1670 1663
1670 1663
1670 1665
1670 1663
1670 1661
1670 1664
1670 1664
1670 1664
1670 1664
1670 1661
1670 1664
1670 1663
1670 1658
1670 1659
1670 1666
1670 1662
1680 1673
1680 1674
1680 1675
1680 1673
1680 1671
1680 1672
1680 1672
1680 1672
1680 1671
1680 1673
1680 1675
1680 1674
1680 1675
1680 1678
1680 1672
1680 1665
1680 1670
1680 1672
1680 1674
1680 1674
1680 1669
1680 1675
1680 1672
1680 1673
1680 1672
1680 1674
1680 1670
1680 1676
1680 1675
1680 1669
1680 1675
1680 1673
1680 1674
1680 1673
1680 1672
1680 1674
1680 1675
1680 1673
1680 1672
1680 1671
1680 1669
1680 1671
1680 1674
1680 1669
1680 1674
1680 1674
1680 1673
1680 1671
1680 1671
1680 1673
1690 1677
1690 1684
1690 1681
1690 1686
1690 1685
1690 1682
1690 1683
1690 1684
1690 1683
1690 1683
1690 1684
1690 1679
1690 1683
1690 1677
1690 1682
1690 1680
1690 1680
1690 1684
1690 1681
1690 1679
1690 1682
1690 1679
1690 1682
1690 1677
1690 1685
1690 1683
1690 1682
1690 1682
1690 1684
1690 1680
1690 1685
1690 1680
1690 1683
1690 1683
1690 1685
1690 1685
1690 1683
1690 1687
1690 1681
1690 1682
1690 1680
1690 1684
1690 1681
1690 1684
1690 1686
1690 1688
1690 1680
1690 1682
1690 1681
1690 1682
1700 1695
1700 1692
1700 1690
1700 1694
1700 1694
1700 1696
1700 1696
1700 1693
1700 1696
1700 1691
1700 1688
1700 1698
1700 1688
1700 1694
1700 1694
1700 1693
1700 1693
1700 1692
1700 1694
1700 1695
1700 1692
1700 1695
1700 1696
1700 1693
1700 1690
1700 1697
1700 1694
1700 1694
1700 1692
1700 1692
1700 1694
1700 1691
1700 1690
1700 1695
1700 1688
1700 1694
1700 1691
1700 1698
1700 1694
1700 1697
1700 1696
1700 1694
1700 1690
1700 1689
1700 1693
1700 1690
1700 1691
1700 1692
1700 1693
1700 1694
1710 1703
1710 1701
1710 1703
1710 1697
1710 1706
1710 1704
1710 1706
1710 1702
1710 1700
1710 1704
1710 1703
1710 1700
1710 1702
1710 1700
1710 1701
1710 1705
1710 1705
1710 1706
1710 1703
1710 1701
1710 1708
1710 1700
1710 1704
1710 1702
1710 1702
1710 1702
1710 1702
1710 1701
1710 1701
1710 1704
1710 1703
1710 1708
1710 1700
1710 1703
1710 1706
1710 1704
1710 1698
1710 1700
1710 1704
1710 1705
1710 1704
1710 1704
1710 1702
1710 1706
1710 1703
1710 1706
1710 1703
1710 1704
1710 1702
1710 1707
1720 1715
1720 1714
1720 1712
1720 1711
1720 1716
1720 1712
1720 1710
1720 1714
1720 1717
1720 1714
1720 1711
1720 1710
1720 1713
1720 1711
1720 1714
1720 1713
1720 1711
1720 1713
1720 1713
1720 1710
1720 1713
1720 1711
1720 1713
1720 1715
1720 1713
1720 1710
1720 1712
1720 1714
1720 1710
1720 1713
1720 1711
1720 1717
1720 1713
1720 1709
1720 1714
1720 1711
1720 1713
1720 1713
1720 1710
1720 1706
1720 1711
1720 1709
1720 1714
1720 1709
1720 1717
1720 1710
1720 1704
1720 1713
1720 1711
1720 1715
1730 1722
1730 1721
1730 1722
1730 1720
1730 1725
1730 1725
1730 1726
1730 1719
1730 1720
1730 1724
1730 1723
1730 1726
1730 1724
1730 1723
1730 1720
1730 1718
1730 1723
1730 1717
1730 1725
1730 1722
1730 1725
1730 1725
1730 1724
1730 1722
1730 1722
1730 1725
1730 1723
1730 1721
1730 1722
1730 1721
1730 1723
1730 1726
1730 1725
1730 1725
1730 1722
1730 1723
1730 1718
1730 1725
1730 1720
1730 1722
1730 1720
1730 1724
1730 1720
1730 1722
1730 1725
1730 1721
1730 1720
1730 1720
1730 1724
1730 1726
1740 1736
1740 1731
1740 1734
1740 1732
1740 1734
1740 1736
1740 1733
1740 1734
1740 1735
1740 1731
1740 1735
1740 1731
1740 1729
1740 1731
1740 1732
1740 1734
1740 1731
1740 1734
1740 1734
1740 1732
1740 1734
1740 1734
1740 1732
1740 1734
1740 1737
1740 1732
1740 1733
1740 1738
1740 1729
1740 1734
1740 1733
1740 1735
1740 1728
1740 1729
1740 1734
1740 1728
1740 1730
1740 1730
1740 1735
1740 1733
1740 1732
1740 1734
1740 1735
1740 1733
1740 1728
1740 1731
1740 1734
1740 1729
1740 1736
1740 1735
1750 1744
1750 1740
1750 1743
1750 1742
1750 1741
1750 1743
1750 1743
1750 1743
1750 1740
1750 1743
1750 1745
1750 1742
1750 1739
1750 1744
1750 1745
1750 1741
1750 1739
1750 1739
1750 1740
1750 1743
1750 1742
1750 1740
1750 1739
1750 1741
1750 1742
1750 1737
1750 1746
1750 1743
1750 1743
1750 1738
1750 1744
1750 1743
1750 1745
1750 1745
1750 1744
1750 1744
1750 1746
1750 1744
1750 1742
1750 1740
1750 1742
1750 1741
1750 1738
1750 1745
1750 1737
1750 1741
1750 1741
1750 1741
1750 1742
1750 1747
1760 1752
1760 1751
1760 1755
1760 1751
1760 1754
1760 1755
1760 1758
1760 1750
1760 1753
1760 1751
1760 1754
1760 1751
1760 1752
1760 1750
1760 1753
1760 1752
1760 1752
1760 1749
1760 1753
1760 1750
1760 1756
1760 1753
1760 1756
1760 1746
1760 1747
1760 1751
1760 1746
1760 1755
1760 1750
1760 1749
1760 1753
1760 1746
1760 1753
1760 1750
1760 1752
1760 1753
1760 1747
1760 1754
1760 1749
1760 1755
1760 1747
1760 1750
1760 1751
1760 1752
1760 1753
1760 1751
1760 1750
1760 1748
1760 1751
1760 1751
1770 1762
1770 1764
1770 1764
1770 1765
1770 1761
1770 1761
1770 1757
1770 1761
1770 1760
1770 1767
1770 1762
1770 1767
1770 1767
1770 1763
1770 1762
1770 1766
1770 1760
1770 1765
1770 1766
1770 1760
1770 1765
1770 1758
1770 1759
1770 1762
1770 1763
1770 1761
1770 1765
1770 1761
1770 1757
1770 1765
1770 1765
1770 1762
1770 1764
1770 1762
1770 1760
1770 1764
1770 1764
1770 1765
1770 1763
1770 1762
1770 1762
1770 1762
1770 1764
1770 1764
1770 1765
1770 1762
1770 1763
1770 1765
1770 1759
1770 1762
1780 1774
1780 1773
1780 1773
1780 1775
1780 1772
1780 1767
1780 1772
1780 1773
1780 1774
1780 1776
1780 1778
1780 1773
1780 1771
1780 1772
1780 1774
1780 1772
1780 1773
1780 1772
1780 1774
1780 1774
1780 1774
1780 1770
1780 1777
1780 1773
1780 1774
1780 1771
1780 1775
1780 1776
1780 1771
1780 1776
1780 1772
1780 1769
1780 1774
1780 1772
1780 1773
1780 1775
1780 1769
1780 1774
1780 1775
1780 1772
1780 1775
1780 1768
1780 1775
1780 1769
1780 1772
1780 1775
1780 1775
1780 1771
1780 1771
1780 1772
1790 1784
1790 1782
1790 1785
1790 1784
1790 1787
1790 1781
1790 1780
1790 1783
1790 1781
1790 1781
1790 1781
1790 1782
1790 1783
1790 1782
1790 1780
1790 1784
1790 1787
1790 1783
1790 1780
1790 1787
1790 1778
1790 1783
1790 1777
1790 1782
1790 1776
1790 1780
1790 1779
1790 1785
1790 1782
1790 1780
1790 1783
1790 1783
1790 1780
1790 1787
1790 1784
1790 1781
1790 1786
1790 1786
1790 1783
1790 1783
1790 1781
1790 1783
1790 1780
1790 1785
1790 1785
1790 1776
1790 1782
1790 1784
1790 1787
1790 1784
1800 1795
1800 1796
1800 1795
1800 1793
1800 1790
1800 1789
1800 1796
1800 1792
1800 1793
1800 1790
1800 1791
1800 1794
1800 1790
1800 1791
1800 1796
1800 1792
1800 1787
1800 1791
1800 1797
1800 1791
1800 1790
1800 1795
1800 1795
1800 1793
1800 1790
1800 1793
1800 1788
1800 1794
1800 1794
1800 1791
1800 1797
1800 1794
1800 1796
1800 1788
1800 1789
1800 1794
1800 1792
1800 1792
1800 1794
1800 1793
1800 1795
1800 1795
1800 1789
1800 1792
1800 1789
1800 1792
1800 1791
1800 1794
1800 1790
1800 1796
1810 1806
1810 1799
1810 1799
1810 1807
1810 1798
1810 1804
1810 1802
1810 1806
1810 1802
1810 1803
1810 1802
1810 1800
1810 1800
1810 1797
1810 1803
1810 1800
1810 1795
1810 1798
1810 1806
1810 1805
1810 1806
1810 1802
1810 1804
1810 1803
1810 1798
1810 1800
1810 1808
1810 1801
1810 1799
1810 1804
1810 1803
1810 1806
1810 1805
1810 1802
1810 1802
1810 1804
1810 1802
1810 1805
1810 1802
1810 1802
1810 1799
1810 1801
1810 1804
1810 1806
1810 1804
1810 1805
1810 1801
1810 1802
1810 1804
1810 1803
1820 1812
1820 1813
1820 1809
1820 1814
1820 1812
1820 1814
1820 1815
1820 1808
1820 1811
1820 1814
1820 1813
1820 1812
1820 1812
1820 1815
1820 1813
1820 1805
1820 1812
1820 1814
1820 1815
1820 1812
1820 1808
1820 1809
1820 1816
1820 1812
1820 1812
1820 1812
1820 1810
1820 1814
1820 1812
1820 1812
1820 1811
1820 1813
1820 1812
1820 1817
1820 1815
1820 1812
1820 1811
1820 1816
1820 1812
1820 1809
1820 1811
1820 1812
1820 1806
1820 1813
1820 1811
1820 1809
1820 1813
1820 1812
1820 1813
1820 1809
1830 1826
1830 1822
1830 1820
1830 1821
1830 1824
1830 1823
1830 1821
1830 1817
1830 1826
1830 1820
1830 1822
1830 1824
1830 1818
1830 1820
1830 1817
1830 1824
1830 1826
1830 1826
1830 1825
1830 1821
1830 1822
1830 1823
1830 1816
1830 1821
1830 1823
1830 1824
1830 1826
1830 1822
1830 1821
1830 1823
1830 1820
1830 1819
1830 1821
1830 1825
1830 1821
1830 1823
1830 1821
1830 1824
1830 1818
1830 1822
1830 1821
1830 1821
1830 1820
1830 1824
1830 1823
1830 1823
1830 1821
1830 1821
1830 1823
1830 1823
1840 1833
1840 1836
1840 1836
1840 1834
1840 1834
1840 1833
1840 1829
1840 1833
1840 1834
1840 1829
1840 1834
1840 1834
1840 1832
1840 1832
1840 1836
1840 1833
1840 1830
1840 1835
1840 1831
1840 1834
1840 1830
1840 1833
1840 1833
1840 1832
1840 1834
1840 1834
1840 1834
1840 1835
1840 1833
1840 1831
1840 1830
1840 1837
1840 1830
1840 1834
1840 1833
1840 1835
1840 1835
1840 1831
1840 1836
1840 1832
1840 1831
1840 1836
1840 1837
1840 1834
1840 1831
1840 1832
1840 1833
1840 1834
1840 1834
1840 1835
1850 1845
1850 1845
1850 1845
1850 1841
1850 1839
1850 1844
1850 1838
1850 1845
1850 1843
1850 1839
1850 1845
1850 1840
1850 1841
1850 1845
1850 1843
1850 1842
1850 1845
1850 1844
1850 1845
1850 1846
1850 1845
1850 1840
1850 1836
1850 1844
1850 1841
1850 1843
1850 1843
1850 1841
1850 1841
1850 1846
1850 1845
1850 1841
1850 1841
1850 1842
1850 1843
1850 1844
1850 1842
1850 1841
1850 1842
1850 1844
1850 1841
1850 1845
1850 1841
1850 1838
1850 1845
1850 1841
1850 1845
1850 1844
1850 1841
1850 1841
1860 1847
1860 1854
1860 1852
1860 1853
1860 1850
1860 1855
1860 1853
1860 1852
1860 1853
1860 1855
1860 1854
1860 1850
1860 1850
1860 1853
1860 1853
1860 1853
1860 1853
1860 1856
1860 1854
1860 1854
1860 1853
1860 1855
1860 1853
1860 1855
1860 1854
1860 1852
1860 1850
1860 1855
1860 1850
1860 1851
1860 1851
1860 1856
1860 1852
1860 1848
1860 1849
1860 1855
1860 1854
1860 1853
1860 1848
1860 1852
1860 1852
1860 1852
1860 1851
1860 1854
1860 1853
1860 1852
1860 1848
1860 1856
1860 1852
1860 1852
1870 1864
1870 1864
1870 1866
1870 1861
1870 1859
1870 1862
1870 1866
1870 1865
1870 1862
1870 1860
1870 1859
1870 1860
1870 1862
1870 1864
1870 1862
1870 1861
1870 1859
1870 1863
1870 1863
1870 1859
1870 1862
1870 1858
1870 1864
1870 1862
1870 1864
1870 1861
1870 1858
1870 1863
1870 1865
1870 1858
1870 1863
1870 1860
1870 1858
1870 1864
1870 1861
1870 1864
1870 1862
1870 1862
1870 1860
1870 1862
1870 1865
1870 1864
1870 1858
1870 1865
1870 1860
1870 1861
1870 1863
1870 1865
1870 1862
1870 1865
1880 1874
1880 1868
1880 1877
1880 1867
1880 1868
1880 1874
1880 1871
1880 1873
1880 1871
1880 1871
1880 1874
1880 1869
1880 1875
1880 1874
1880 1872
1880 1872
1880 1873
1880 1870
1880 1873
1880 1872
1880 1874
1880 1869
1880 1874
1880 1870
1880 1875
1880 1876
1880 1874
1880 1875
1880 1871
1880 1871
1880 1873
1880 1873
1880 1871
1880 1876
1880 1870
1880 1871
1880 1874
1880 1876
1880 1876
1880 1873
1880 1868
1880 1869
1880 1874
1880 1876
1880 1871
1880 1872
1880 1870
1880 1870
1880 1873
1880 1872
1890 1884
1890 1885
1890 1884
1890 1879
1890 1881
1890 1881
1890 1884
1890 1884
1890 1882
1890 1880
1890 1880
1890 1885
1890 1881
1890 1884
1890 1879
1890 1884
1890 1881
1890 1882
1890 1884
1890 1886
1890 1883
1890 1883
1890 1882
1890 1883
1890 1879
1890 1884
1890 1885
1890 1884
1890 1883
1890 1882
1890 1883
1890 1887
1890 1883
1890 1881
1890 1881
1890 1879
1890 1884
1890 1884
1890 1884
1890 1881
1890 1882
1890 1881
1890 1882
1890 1879
1890 1882
1890 1882
1890 1880
1890 1884
1890 1882
1890 1884
1900 1893
1900 1899
1900 1894
1900 1889
1900 1895
1900 1895
1900 1893
1900 1893
1900 1894
1900 1887
1900 1892
1900 1890
1900 1893
1900 1892
1900 1889
1900 1895
1900 1889
1900 1896
1900 1893
1900 1890
1900 1895
1900 1892
1900 1890
1900 1894
1900 1892
1900 1894
1900 1891
1900 1890
1900 1895
1900 1892
1900 1893
1900 1888
1900 1894
1900 1897
1900 1893
1900 1894
1900 1889
1900 1893
1900 1895
1900 1889
1900 1894
1900 1894
1900 1891
1900 1894
1900 1893
1900 1892
1900 1895
1900 1890
1900 1893
1900 1891
1910 1902
1910 1899
1910 1902
1910 1908
1910 1902
1910 1902
1910 1902
1910 1900
1910 1906
1910 1900
1910 1904
1910 1905
1910 1902
1910 1901
1910 1903
1910 1902
1910 1902
1910 1903
1910 1901
1910 1900
1910 1904
1910 1906
1910 1904
1910 1902
1910 1903
1910 1900
1910 1904
1910 1902
1910 1901
1910 1904
1910 1902
1910 1905
1910 1905
1910 1902
1910 1905
1910 1898
1910 1903
1910 1903
1910 1904
1910 1902
1910 1901
1910 1900
1910 1905
1910 1899
1910 1903
1910 1904
1910 1903
1910 1904
1910 1901
1910 1906
1920 1917
1920 1911
1920 1913
1920 1915
1920 1913
1920 1913
1920 1916
1920 1915
1920 1914
1920 1913
1920 1914
1920 1908
1920 1913
1920 1909
1920 1911
1920 1915
1920 1915
1920 1911
1920 1914
1920 1913
1920 1912
1920 1914
1920 1915
1920 1915
1920 1912
1920 1909
1920 1912
1920 1913
1920 1913
1920 1913
1920 1911
1920 1914
1920 1911
1920 1914
1920 1913
1920 1915
1920 1911
1920 1914
1920 1911
1920 1910
1920 1911
1920 1906
1920 1912
1920 1912
1920 1914
1920 1909
1920 1913
1920 1916
1920 1914
1920 1910
1930 1924
1930 1923
1930 1922
1930 1923
1930 1918
1930 1924
1930 1927
1930 1925
1930 1923
1930 1922
1930 1920
1930 1925
1930 1922
1930 1922
1930 1925
1930 1925
1930 1923
1930 1923
1930 1919
1930 1923
1930 1924
1930 1925
1930 1920
1930 1924
1930 1922
1930 1927
1930 1924
1930 1924
1930 1923
1930 1920
1930 1925
1930 1923
1930 1923
1930 1924
1930 1926
1930 1922
1930 1923
1930 1922
1930 1919
1930 1924
1930 1923
1930 1921
1930 1921
1930 1921
1930 1921
1930 1922
1930 1926
1930 1922
1930 1922
1930 1924
1940 1931
1940 1933
1940 1932
1940 1930
1940 1930
1940 1930
1940 1935
1940 1930
1940 1934
1940 1936
1940 1932
1940 1936
1940 1934
1940 1930
1940 1932
1940 1934
1940 1934
1940 1928
1940 1930
1940 1927
1940 1929
1940 1933
1940 1935
1940 1934
1940 1931
1940 1935
1940 1933
1940 1930
1940 1932
1940 1929
1940 1935
1940 1930
1940 1932
1940 1936
1940 1929
1940 1927
1940 1929
1940 1934
1940 1931
1940 1931
1940 1930
1940 1931
1940 1932
1940 1933
1940 1936
1940 1932
1940 1933
1940 1935
1940 1933
1940 1936
1950 1941
1950 1942
1950 1946
1950 1942
1950 1945
1950 1934
1950 1941
1950 1935
1950 1946
1950 1944
1950 1939
1950 1944
1950 1942
1950 1943
1950 1942
1950 1939
1950 1942
1950 1941
1950 1942
1950 1946
1950 1941
1950 1944
1950 1938
1950 1943
1950 1944
1950 1941
1950 1944
1950 1943
1950 1947
1950 1944
1950 1943
1950 1945
1950 1945
1950 1941
1950 1945
1950 1943
1950 1945
1950 1939
1950 1943
1950 1939
1950 1942
1950 1944
1950 1943
1950 1947
1950 1941
1950 1943
1950 1944
1950 1937
1950 1940
1950 1946
1960 1949
1960 1957
1960 1952
1960 1953
1960 1954
1960 1951
1960 1953
1960 1951
1960 1958
1960 1946
1960 1954
1960 1950
1960 1953
1960 1950
1960 1956
1960 1954
1960 1953
1960 1955
1960 1953
1960 1952
1960 1953
1960 1956
1960 1951
1960 1956
1960 1953
1960 1952
1960 1949
1960 1950
1960 1951
1960 1952
1960 1949
1960 1954
1960 1950
1960 1953
1960 1950
1960 1951
1960 1956
1960 1948
1960 1954
1960 1950
1960 1953
1960 1950
1960 1952
1960 1950
1960 1953
1960 1948
1960 1956
1960 1956
1960 1951
1960 1956
1970 1964
1970 1962
1970 1964
1970 1965
1970 1962
1970 1960
1970 1965
1970 1967
1970 1963
1970 1960
1970 1952
1970 1963
1970 1959
1970 1962
1970 1965
1970 1961
1970 1961
1970 1966
1970 1962
1970 1964
1970 1958
1970 1965
1970 1960
1970 1963
1970 1961
1970 1965
1970 1961
1970 1966
1970 1964
1970 1963
1970 1962
1970 1961
1970 1961
1970 1962
1970 1966
1970 1957
1970 1963
1970 1964
1970 1964
1970 1967
1970 1965
1970 1961
1970 1962
1970 1963
1970 1960
1970 1959
1970 1964
1970 1959
1970 1964
1970 1965
1980 1975
1980 1974
1980 1973
1980 1976
1980 1976
1980 1971
1980 1970
1980 1976
1980 1973
1980 1972
1980 1968
1980 1975
1980 1968
1980 1975
1980 1975
1980 1968
1980 1972
1980 1973
1980 1977
1980 1976
1980 1973
1980 1971
1980 1972
1980 1973
1980 1975
1980 1975
1980 1971
1980 1970
1980 1972
1980 1968
1980 1972
1980 1968
1980 1972
1980 1970
1980 1973
1980 1977
1980 1973
1980 1975
1980 1969
1980 1969
1980 1975
1980 1973
1980 1976
1980 1966
1980 1970
1980 1972
1980 1974
1980 1967
1980 1975
1980 1970
1990 1982
1990 1978
1990 1981
1990 1984
1990 1979
1990 1982
1990 1981
1990 1982
1990 1986
1990 1986
1990 1980
1990 1982
1990 1980
1990 1984
1990 1983
1990 1983
1990 1982
1990 1982
1990 1982
1990 1980
1990 1982
1990 1979
1990 1981
1990 1982
1990 1980
1990 1976
1990 1983
1990 1985
1990 1985
1990 1981
1990 1982
1990 1986
1990 1987
1990 1987
1990 1980
1990 1979
1990 1983
1990 1983
1990 1982
1990 1981
1990 1984
1990 1987
1990 1980
1990 1979
1990 1979
1990 1982
1990 1986
1990 1978
1990 1979
1990 1984
2000 1995
2000 1991
2000 1989
2000 1994
2000 1992
2000 1990
2000 1997
2000 1994
2000 1995
2000 1992
2000 1993
2000 1989
2000 1990
2000 1991
2000 1993
2000 1993
2000 1997
2000 1996
2000 1995
2000 1989
2000 1992
2000 1993
2000 1997
2000 1992
2000 1992
2000 1989
2000 1993
2000 1991
2000 1994
2000 1991
2000 1995
2000 1995
2000 1989
2000 1997
2000 1995
2000 1991
2000 1996
2000 1988
2000 1994
2000 1994
2000 1992
2000 1990
2000 1994
2000 1991
2000 1987
2000 1991
2000 1993
2000 1994
2000 1993
2000 1993
