10 8
10 7
10 8
10 7
10 8
10 8
10 8
10 8
10 5
10 7
10 7
10 6
10 8
10 8
10 8
10 9
10 9
10 8
10 7
10 6
10 7
10 8
10 8
10 7
10 8
10 7
10 7
10 9
10 7
10 7
10 8
10 8
10 7
10 8
10 7
10 9
10 7
10 9
10 8
10 9
10 8
10 7
10 6
10 9
10 9
10 8
10 8
10 8
10 8
10 9
20 16
20 18
20 19
20 15
20 18
20 17
20 18
20 16
20 19
20 16
20 17
20 19
20 14
20 16
20 15
20 16
20 17
20 19
20 18
20 18
20 17
20 17
20 17
20 14
20 19
20 17
20 17
20 16
20 18
20 17
20 15
20 18
20 18
20 16
20 12
20 17
20 15
20 16
20 19
20 19
20 16
20 17
20 17
20 17
20 18
20 15
20 16
20 19
20 17
20 18
30 28
30 27
30 27
30 24
30 26
30 28
30 23
30 26
30 24
30 27
30 28
30 26
30 26
30 28
30 23
30 26
30 27
30 26
30 23
30 23
30 28
30 27
30 28
30 26
30 26
30 24
30 26
30 27
30 26
30 28
30 27
30 28
30 26
30 27
30 27
30 27
30 26
30 25
30 27
30 26
30 29
30 29
30 27
30 28
30 25
30 26
30 28
30 25
30 27
30 28
40 36
40 37
40 37
40 36
40 36
40 38
40 39
40 32
40 38
40 39
40 37
40 38
40 36
40 36
40 37
40 37
40 38
40 38
40 39
40 36
40 39
40 37
40 38
40 36
40 37
40 36
40 35
40 37
40 39
40 34
40 36
40 37
40 35
40 35
40 38
40 35
40 36
40 36
40 37
40 36
40 36
40 34
40 36
40 35
40 38
40 37
40 37
40 37
40 36
40 33
50 44
50 46
50 45
50 47
50 48
50 43
50 46
50 46
50 46
50 47
50 46
50 45
50 44
50 44
50 46
50 46
50 45
50 47
50 47
50 46
50 45
50 47
50 45
50 46
50 44
50 49
50 46
50 46
50 47
50 46
50 48
50 47
50 45
50 46
50 48
50 46
50 45
50 46
50 48
50 46
50 47
50 45
50 43
50 45
50 45
50 49
50 44
50 45
50 46
50 47
60 57
60 56
60 55
60 57
60 55
60 57
60 56
60 56
60 58
60 58
60 57
60 56
60 57
60 56
60 56
60 57
60 54
60 54
60 58
60 53
60 57
60 56
60 56
60 58
60 56
60 54
60 56
60 56
60 57
60 56
60 56
60 56
60 52
60 58
60 54
60 58
60 58
60 57
60 56
60 58
60 56
60 56
60 56
60 55
60 57
60 56
60 56
60 55
60 52
60 54
70 63
70 66
70 66
70 62
70 65
70 64
70 68
70 67
70 66
70 64
70 65
70 67
70 64
70 66
70 66
70 63
70 68
70 64
70 64
70 64
70 66
70 68
70 63
70 68
70 68
70 66
70 65
70 62
70 66
70 68
70 67
70 67
70 64
70 67
70 67
70 66
70 65
70 69
70 62
70 66
70 65
70 64
70 65
70 69
70 67
70 68
70 67
70 59
70 67
70 65
80 76
80 77
80 71
80 76
80 76
80 78
80 74
80 71
80 75
80 73
80 74
80 75
80 76
80 75
80 73
80 77
80 74
80 75
80 75
80 77
80 78
80 79
80 76
80 75
80 75
80 76
80 76
80 74
80 75
80 73
80 76
80 76
80 76
80 77
80 75
80 77
80 76
80 74
80 76
80 77
80 75
80 75
80 76
80 75
80 75
80 75
80 76
80 77
80 77
80 76
90 82
90 83
90 88
90 87
90 85
90 85
90 82
90 83
90 85
90 84
90 86
90 87
90 85
90 89
90 83
90 87
90 87
90 87
90 86
90 82
90 85
90 86
90 82
90 85
90 88
90 88
90 82
90 84
90 85
90 85
90 87
90 84
90 85
90 86
90 86
90 86
90 84
90 85
90 86
90 84
90 83
90 88
90 84
90 83
90 83
90 86
90 87
90 88
90 85
90 88
100 97
100 95
100 95
100 96
100 96
100 96
100 95
100 95
100 95
100 96
100 96
100 96
100 96
100 96
100 97
100 95
100 96
100 95
100 90
100 94
100 96
100 98
100 99
100 96
100 96
100 96
100 97
100 97
100 95
100 96
100 91
100 98
100 95
100 96
100 93
100 94
100 94
100 97
100 94
100 95
100 96
100 97
100 94
100 96
100 93
100 96
100 94
100 97
100 94
100 93
110 103
110 104
110 107
110 108
110 108
110 106
110 106
110 104
110 103
110 105
110 104
110 104
110 103
110 108
110 103
110 106
110 107
110 105
110 106
110 103
110 105
110 103
110 107
110 108
110 106
110 107
110 106
110 106
110 104
110 105
110 104
110 107
110 105
110 105
110 107
110 105
110 106
110 106
110 109
110 105
110 102
110 108
110 104
110 108
110 106
110 103
110 106
110 104
110 106
110 105
120 117
120 115
120 112
120 113
120 118
120 115
120 119
120 115
120 110
120 114
120 114
120 115
120 115
120 116
120 116
120 116
120 112
120 115
120 118
120 117
120 115
120 115
120 113
120 116
120 115
120 118
120 117
120 117
120 118
120 116
120 113
120 112
120 113
120 114
120 114
120 112
120 109
120 119
120 116
120 117
120 116
120 113
120 113
120 116
120 117
120 115
120 115
120 115
120 112
120 115
130 127
130 126
130 124
130 126
130 125
130 127
130 126
130 122
130 126
130 123
130 125
130 125
130 122
130 125
130 123
130 126
130 125
130 123
130 125
130 126
130 126
130 123
130 125
130 123
130 128
130 123
130 125
130 126
130 125
130 128
130 126
130 125
130 121
130 124
130 126
130 126
130 127
130 127
130 127
130 125
130 126
130 127
130 125
130 124
130 124
130 125
130 126
130 125
130 126
130 124
140 132
140 135
140 137
140 132
140 136
140 136
140 134
140 137
140 134
140 138
140 135
140 135
140 137
140 136
140 136
140 136
140 135
140 135
140 136
140 135
140 136
140 136
140 131
140 134
140 133
140 135
140 138
140 133
140 133
140 136
140 136
140 136
140 135
140 138
140 135
140 134
140 135
140 136
140 136
140 136
140 134
140 137
140 134
140 134
140 136
140 132
140 137
140 132
140 137
140 134
150 147
150 146
150 140
150 143
150 144
150 145
150 147
150 142
150 141
150 143
150 147
150 146
150 146
150 145
150 143
150 148
150 147
150 146
150 143
150 143
150 147
150 140
150 147
150 146
150 147
150 142
150 147
150 143
150 143
150 147
150 145
150 145
150 147
150 147
150 148
150 145
150 145
150 144
150 146
150 146
150 147
150 145
150 143
150 144
150 145
150 143
150 145
150 147
150 143
150 147
160 158
160 154
160 150
160 153
160 156
160 152
160 154
160 152
160 153
160 155
160 157
160 157
160 154
160 151
160 154
160 154
160 156
160 158
160 158
160 154
160 156
160 157
160 158
160 151
160 154
160 157
160 156
160 156
160 154
160 154
160 157
160 157
160 156
160 153
160 153
160 152
160 158
160 153
160 155
160 157
160 155
160 155
160 154
160 152
160 154
160 156
160 153
160 157
160 151
160 153
170 162
170 165
170 166
170 164
170 161
170 168
170 166
170 166
170 164
170 162
170 164
170 164
170 167
170 165
170 166
170 160
170 165
170 165
170 166
170 162
170 157
170 166
170 163
170 162
170 161
170 165
170 163
170 161
170 168
170 163
170 164
170 166
170 167
170 164
170 165
170 164
170 165
170 166
170 166
170 164
170 165
170 166
170 163
170 162
170 163
170 165
170 168
170 162
170 164
170 166
180 174
180 178
180 174
180 175
180 175
180 174
180 171
180 173
180 176
180 176
180 173
180 177
180 177
180 175
180 177
180 171
180 173
180 177
180 174
180 173
180 174
180 175
180 177
180 172
180 175
180 174
180 175
180 177
180 172
180 178
180 177
180 176
180 174
180 175
180 175
180 170
180 176
180 173
180 171
180 176
180 173
180 175
180 175
180 174
180 178
180 175
180 174
180 176
180 176
180 175
190 182
190 187
190 182
190 188
190 182
190 184
190 187
190 183
190 182
190 185
190 187
190 185
190 185
190 184
190 185
190 185
190 184
190 184
190 187
190 186
190 184
190 186
190 187
190 181
190 186
190 185
190 185
190 185
190 185
190 185
190 186
190 184
190 183
190 183
190 184
190 182
190 185
190 183
190 186
190 184
190 185
190 183
190 184
190 184
190 181
190 184
190 188
190 183
190 182
190 185
200 198
200 193
200 196
200 197
200 198
200 195
200 192
200 196
200 195
200 195
200 196
200 196
200 197
200 194
200 195
200 191
200 197
200 197
200 193
200 193
200 197
200 195
200 197
200 192
200 193
200 196
200 192
200 194
200 197
200 194
200 192
200 196
200 198
200 193
200 194
200 195
200 196
200 193
200 196
200 192
200 193
200 191
200 194
200 195
200 197
200 198
200 195
200 195
200 192
200 192
210 204
210 204
210 203
210 206
210 203
210 204
210 204
210 204
210 205
210 204
210 201
210 205
210 204
210 205
210 200
210 204
210 205
210 206
210 202
210 205
210 200
210 206
210 206
210 208
210 205
210 207
210 206
210 205
210 207
210 201
210 205
210 203
210 207
210 204
210 203
210 203
210 204
210 208
210 208
210 201
210 200
210 203
210 204
210 207
210 207
210 202
210 202
210 206
210 204
210 205
220 214
220 218
220 216
220 215
220 215
220 213
220 216
220 217
220 213
220 211
220 216
220 212
220 214
220 216
220 212
220 214
220 216
220 213
220 212
220 216
220 215
220 217
220 218
220 216
220 216
220 212
220 215
220 214
220 218
220 215
220 216
220 214
220 214
220 215
220 215
220 212
220 213
220 215
220 212
220 213
220 215
220 216
220 214
220 214
220 214
220 216
220 211
220 213
220 215
220 218
230 225
230 224
230 222
230 224
230 223
230 221
230 222
230 226
230 227
230 224
230 227
230 226
230 226
230 227
230 226
230 225
230 225
230 227
230 221
230 226
230 225
230 226
230 226
230 226
230 224
230 226
230 224
230 228
230 223
230 223
230 224
230 225
230 225
230 219
230 224
230 227
230 228
230 226
230 222
230 224
230 225
230 226
230 227
230 224
230 221
230 226
230 221
230 221
230 222
230 227
240 235
240 235
240 234
240 235
240 236
240 235
240 233
240 234
240 236
240 235
240 236
240 231
240 233
240 235
240 233
240 234
240 232
240 232
240 237
240 234
240 232
240 234
240 234
240 237
240 234
240 233
240 236
240 236
240 232
240 232
240 236
240 232
240 232
240 231
240 236
240 233
240 235
240 235
240 234
240 235
240 233
240 236
240 238
240 237
240 231
240 233
240 234
240 236
240 235
240 235
250 247
250 246
250 243
250 245
250 245
250 248
250 243
250 247
250 246
250 245
250 246
250 246
250 243
250 244
250 244
250 243
250 246
250 247
250 245
250 244
250 242
250 246
250 245
250 243
250 245
250 245
250 241
250 242
250 247
250 246
250 246
250 245
250 243
250 248
250 243
250 244
250 241
250 244
250 246
250 245
250 244
250 245
250 239
250 241
250 243
250 244
250 244
250 246
250 243
250 246
260 252
260 250
260 256
260 255
260 254
260 252
260 253
260 258
260 256
260 254
260 255
260 253
260 252
260 255
260 256
260 254
260 256
260 253
260 258
260 253
260 254
260 252
260 252
260 254
260 256
260 253
260 257
260 255
260 254
260 253
260 255
260 253
260 256
260 253
260 250
260 254
260 258
260 256
260 257
260 256
260 255
260 257
260 254
260 254
260 258
260 255
260 253
260 253
260 256
260 255
270 268
270 260
270 267
270 264
270 266
270 262
270 264
270 265
270 263
270 267
270 264
270 265
270 260
270 267
270 263
270 263
270 262
270 262
270 263
270 265
270 264
270 264
270 265
270 266
270 267
270 264
270 262
270 265
270 265
270 264
270 260
270 265
270 267
270 264
270 260
270 268
270 264
270 268
270 254
270 263
270 264
270 263
270 266
270 265
270 262
270 268
270 264
270 266
270 264
270 260
280 276
280 275
280 277
280 277
280 275
280 274
280 274
280 271
280 274
280 274
280 274
280 273
280 275
280 274
280 276
280 273
280 271
280 273
280 277
280 275
280 274
280 277
280 272
280 273
280 273
280 274
280 271
280 276
280 275
280 275
280 275
280 273
280 273
280 276
280 271
280 273
280 275
280 276
280 276
280 275
280 276
280 275
280 273
280 271
280 279
280 273
280 275
280 278
280 276
280 276
290 285
290 281
290 285
290 281
290 285
290 285
290 288
290 283
290 286
290 288
290 282
290 282
290 285
290 286
290 285
290 283
290 283
290 282
290 280
290 284
290 284
290 286
290 287
290 287
290 283
290 284
290 281
290 285
290 285
290 281
290 280
290 286
290 284
290 285
290 283
290 280
290 286
290 285
290 283
290 283
290 287
290 287
290 285
290 279
290 285
290 285
290 282
290 284
290 284
290 286
300 295
300 295
300 297
300 295
300 292
300 296
300 295
300 296
300 290
300 296
300 297
300 294
300 291
300 295
300 295
300 292
300 292
300 294
300 293
300 294
300 296
300 292
300 295
300 294
300 295
300 293
300 291
300 288
300 295
300 295
300 294
300 297
300 294
300 292
300 296
300 296
300 293
300 294
300 296
300 296
300 292
300 294
300 294
300 294
300 293
300 296
300 297
300 296
300 294
300 295
310 304
310 303
310 302
310 304
310 304
310 304
310 301
310 304
310 302
310 305
310 306
310 302
310 301
310 305
310 305
310 304
310 304
310 304
310 302
310 301
310 307
310 303
310 304
310 308
310 304
310 304
310 304
310 307
310 306
310 305
310 306
310 305
310 307
310 303
310 302
310 308
310 306
310 303
310 306
310 301
310 301
310 306
310 302
310 307
310 304
310 307
310 305
310 305
310 298
310 305
320 314
320 314
320 317
320 318
320 313
320 311
320 315
320 314
320 310
320 316
320 313
320 317
320 316
320 316
320 313
320 314
320 312
320 312
320 313
320 314
320 315
320 318
320 318
320 314
320 317
320 319
320 314
320 315
320 316
320 311
320 316
320 316
320 317
320 312
320 315
320 312
320 313
320 315
320 314
320 315
320 315
320 313
320 317
320 316
320 313
320 318
320 316
320 316
320 311
320 314
330 326
330 325
330 324
330 323
330 323
330 327
330 326
330 323
330 319
330 324
330 326
330 326
330 328
330 326
330 324
330 324
330 324
330 322
330 326
330 322
330 324
330 323
330 327
330 325
330 324
330 320
330 324
330 323
330 325
330 323
330 324
330 325
330 324
330 326
330 321
330 327
330 323
330 321
330 324
330 327
330 328
330 324
330 326
330 326
330 325
330 325
330 324
330 324
330 324
330 325
340 335
340 332
340 334
340 336
340 338
340 334
340 336
340 333
340 337
340 333
340 334
340 333
340 335
340 335
340 336
340 335
340 330
340 331
340 333
340 337
340 335
340 332
340 334
340 336
340 334
340 337
340 336
340 334
340 333
340 337
340 334
340 334
340 335
340 335
340 333
340 333
340 333
340 332
340 336
340 332
340 331
340 330
340 334
340 334
340 334
340 331
340 334
340 329
340 335
340 331
350 343
350 343
350 346
350 348
350 341
350 347
350 344
350 346
350 345
350 344
350 343
350 345
350 344
350 343
350 344
350 344
350 340
350 339
350 345
350 341
350 348
350 342
350 344
350 347
350 343
350 344
350 344
350 345
350 341
350 342
350 347
350 344
350 345
350 343
350 343
350 346
350 340
350 343
350 340
350 344
350 345
350 345
350 344
350 345
350 344
350 343
350 344
350 345
350 342
350 344
360 356
360 353
360 352
360 355
360 353
360 354
360 356
360 354
360 356
360 355
360 355
360 353
360 353
360 351
360 354
360 356
360 349
360 358
360 353
360 353
360 355
360 354
360 357
360 353
360 356
360 355
360 353
360 355
360 355
360 357
360 354
360 353
360 352
360 351
360 354
360 355
360 352
360 354
360 356
360 355
360 355
360 354
360 356
360 357
360 355
360 356
360 353
360 351
360 358
360 352
370 365
370 367
370 366
370 367
370 365
370 365
370 362
370 366
370 365
370 364
370 359
370 368
370 367
370 359
370 365
370 363
370 366
370 366
370 364
370 360
370 362
370 365
370 365
370 363
370 364
370 363
370 366
370 365
370 364
370 365
370 361
370 362
370 369
370 364
370 362
370 365
370 364
370 359
370 364
370 364
370 365
370 369
370 366
370 365
370 365
370 364
370 366
370 365
370 360
370 360
380 374
380 369
380 377
380 373
380 372
380 374
380 377
380 373
380 374
380 374
380 372
380 374
380 374
380 377
380 375
380 373
380 372
380 373
380 375
380 375
380 376
380 373
380 376
380 375
380 372
380 374
380 374
380 373
380 374
380 371
380 376
380 376
380 376
380 373
380 376
380 374
380 372
380 373
380 371
380 375
380 374
380 375
380 375
380 374
380 373
380 373
380 371
380 373
380 374
380 376
390 387
390 386
390 381
390 384
390 385
390 387
390 383
390 384
390 386
390 386
390 384
390 380
390 385
390 385
390 385
390 383
390 386
390 385
390 386
390 382
390 382
390 382
390 384
390 386
390 385
390 387
390 379
390 386
390 382
390 385
390 385
390 383
390 386
390 381
390 383
390 383
390 382
390 384
390 386
390 382
390 382
390 386
390 383
390 381
390 386
390 381
390 386
390 383
390 384
390 386
400 395
400 392
400 393
400 391
400 394
400 391
400 398
400 395
400 390
400 396
400 395
400 397
400 395
400 388
400 393
400 395
400 394
400 393
400 394
400 394
400 398
400 396
400 392
400 394
400 396
400 394
400 395
400 393
400 391
400 395
400 391
400 389
400 395
400 392
400 396
400 392
400 393
400 396
400 394
400 394
400 394
400 393
400 395
400 394
400 395
400 396
400 394
400 394
400 396
400 396
410 407
410 403
410 404
410 404
410 403
410 406
410 405
410 405
410 407
410 405
410 401
410 402
410 402
410 407
410 400
410 401
410 404
410 400
410 404
410 405
410 403
410 405
410 401
410 402
410 399
410 401
410 404
410 405
410 406
410 405
410 405
410 406
410 405
410 407
410 403
410 405
410 406
410 405
410 408
410 403
410 408
410 403
410 402
410 405
410 405
410 403
410 405
410 404
410 406
410 405
420 413
420 412
420 412
420 413
420 415
420 415
420 412
420 416
420 417
420 413
420 415
420 418
420 417
420 415
420 416
420 414
420 413
420 413
420 414
420 414
420 413
420 418
420 416
420 411
420 415
420 411
420 416
420 417
420 413
420 413
420 414
420 413
420 412
420 415
420 412
420 414
420 415
420 413
420 414
420 416
420 417
420 414
420 415
420 416
420 415
420 413
420 415
420 417
420 416
420 412
430 425
430 423
430 421
430 423
430 425
430 420
430 426
430 424
430 424
430 421
430 421
430 425
430 423
430 422
430 423
430 422
430 426
430 426
430 423
430 426
430 424
430 424
430 422
430 423
430 422
430 424
430 425
430 421
430 429
430 424
430 424
430 421
430 429
430 423
430 423
430 422
430 423
430 427
430 424
430 420
430 421
430 427
430 426
430 426
430 427
430 425
430 424
430 429
430 421
430 427
440 431
440 438
440 434
440 433
440 434
440 429
440 435
440 438
440 437
440 433
440 434
440 436
440 432
440 434
440 430
440 434
440 434
440 431
440 432
440 436
440 430
440 431
440 431
440 434
440 434
440 435
440 437
440 433
440 434
440 435
440 436
440 432
440 434
440 432
440 436
440 433
440 432
440 432
440 435
440 433
440 431
440 432
440 433
440 435
440 433
440 431
440 435
440 431
440 435
440 433
450 448
450 441
450 445
450 446
450 441
450 444
450 441
450 447
450 442
450 443
450 444
450 443
450 446
450 445
450 444
450 443
450 443
450 448
450 442
450 441
450 444
450 448
450 444
450 446
450 444
450 446
450 443
450 444
450 446
450 447
450 444
450 446
450 445
450 446
450 447
450 441
450 442
450 442
450 441
450 444
450 447
450 443
450 444
450 444
450 445
450 447
450 445
450 447
450 446
450 438
460 458
460 455
460 456
460 453
460 454
460 453
460 451
460 452
460 453
460 453
460 455
460 457
460 450
460 452
460 452
460 454
460 452
460 455
460 456
460 452
460 452
460 454
460 453
460 454
460 454
460 454
460 454
460 453
460 454
460 449
460 453
460 455
460 451
460 456
460 455
460 451
460 455
460 449
460 455
460 459
460 450
460 456
460 454
460 453
460 450
460 454
460 455
460 454
460 456
460 456
470 460
470 463
470 462
470 465
470 463
470 467
470 466
470 464
470 462
470 462
470 463
470 466
470 468
470 468
470 465
470 465
470 466
470 462
470 464
470 464
470 467
470 463
470 465
470 463
470 465
470 464
470 465
470 460
470 464
470 466
470 466
470 462
470 467
470 466
470 468
470 464
470 462
470 467
470 468
470 465
470 463
470 460
470 465
470 462
470 466
470 467
470 466
470 463
470 466
470 463
480 474
480 474
480 474
480 477
480 476
480 476
480 474
480 472
480 471
480 471
480 477
480 475
480 475
480 475
480 473
480 475
480 474
480 476
480 475
480 473
480 472
480 477
480 478
480 472
480 474
480 472
480 474
480 473
480 475
480 474
480 475
480 467
480 473
480 475
480 473
480 469
480 474
480 474
480 470
480 475
480 474
480 472
480 474
480 478
480 475
480 474
480 478
480 475
480 474
480 471
490 485
490 483
490 486
490 480
490 480
490 482
490 487
490 486
490 483
490 483
490 481
490 485
490 484
490 486
490 485
490 486
490 483
490 483
490 483
490 486
490 480
490 482
490 485
490 481
490 484
490 481
490 485
490 482
490 479
490 482
490 485
490 482
490 487
490 483
490 481
490 482
490 483
490 485
490 480
490 485
490 482
490 483
490 485
490 487
490 484
490 481
490 489
490 486
490 480
490 481
500 497
500 495
500 495
500 494
500 495
500 494
500 494
500 493
500 495
500 495
500 494
500 492
500 493
500 492
500 496
500 496
500 496
500 494
500 496
500 494
500 492
500 496
500 496
500 489
500 494
500 495
500 494
500 493
500 496
500 494
500 493
500 495
500 491
500 496
500 494
500 496
500 490
500 493
500 494
500 489
500 489
500 495
500 492
500 493
500 494
500 490
500 493
500 490
500 495
500 491
510 504
510 505
510 507
510 498
510 505
510 506
510 507
510 504
510 502
510 505
510 502
510 501
510 503
510 504
510 507
510 496
510 504
510 503
510 503
510 505
510 502
510 506
510 502
510 505
510 504
510 503
510 503
510 504
510 506
510 506
510 507
510 504
510 503
510 501
510 503
510 501
510 503
510 506
510 501
510 505
510 503
510 504
510 505
510 503
510 507
510 505
510 504
510 504
510 499
510 502
520 514
520 515
520 517
520 514
520 513
520 514
520 515
520 517
520 515
520 516
520 513
520 515
520 518
520 515
520 513
520 514
520 513
520 513
520 511
520 509
520 516
520 515
520 509
520 514
520 517
520 515
520 513
520 514
520 515
520 514
520 515
520 509
520 514
520 508
520 513
520 518
520 508
520 515
520 510
520 513
520 514
520 514
520 511
520 513
520 515
520 514
520 515
520 514
520 513
520 515
530 526
530 522
530 526
530 524
530 520
530 526
530 519
530 523
530 524
530 522
530 523
530 518
530 523
530 527
530 525
530 524
530 521
530 523
530 523
530 525
530 523
530 524
530 520
530 516
530 525
530 525
530 521
530 524
530 527
530 527
530 522
530 526
530 524
530 524
530 523
530 526
530 525
530 529
530 521
530 525
530 527
530 523
530 526
530 527
530 524
530 524
530 526
530 526
530 526
530 526
540 536
540 533
540 536
540 533
540 534
540 537
540 537
540 534
540 533
540 533
540 535
540 531
540 534
540 533
540 535
540 536
540 534
540 538
540 536
540 531
540 534
540 532
540 534
540 534
540 536
540 533
540 530
540 535
540 536
540 535
540 535
540 533
540 536
540 533
540 537
540 537
540 537
540 535
540 533
540 531
540 534
540 532
540 534
540 533
540 534
540 535
540 534
540 532
540 532
540 529
550 543
550 542
550 544
550 547
550 544
550 546
550 543
550 544
550 545
550 541
550 548
550 543
550 541
550 546
550 538
550 545
550 543
550 546
550 537
550 543
550 543
550 540
550 547
550 541
550 546
550 544
550 544
550 544
550 542
550 541
550 544
550 543
550 544
550 543
550 548
550 542
550 546
550 543
550 543
550 547
550 544
550 545
550 543
550 543
550 544
550 543
550 543
550 542
550 548
550 543
560 553
560 554
560 551
560 551
560 553
560 551
560 552
560 555
560 552
560 557
560 553
560 550
560 556
560 557
560 552
560 554
560 555
560 554
560 550
560 552
560 552
560 552
560 553
560 554
560 554
560 558
560 553
560 553
560 551
560 554
560 554
560 553
560 554
560 552
560 555
560 554
560 556
560 550
560 552
560 555
560 555
560 555
560 550
560 552
560 555
560 552
560 555
560 553
560 552
560 556
570 567
570 563
570 559
570 563
570 560
570 565
570 563
570 568
570 560
570 564
570 565
570 566
570 564
570 561
570 559
570 563
570 565
570 564
570 564
570 567
570 563
570 560
570 565
570 563
570 558
570 566
570 560
570 566
570 563
570 563
570 569
570 562
570 560
570 563
570 564
570 566
570 561
570 567
570 561
570 565
570 564
570 561
570 565
570 561
570 564
570 564
570 561
570 566
570 566
570 565
580 574
580 573
580 572
580 574
580 577
580 574
580 573
580 575
580 572
580 574
580 575
580 571
580 575
580 575
580 574
580 574
580 573
580 573
580 570
580 574
580 571
580 572
580 573
580 576
580 576
580 576
580 573
580 574
580 571
580 576
580 574
580 573
580 572
580 573
580 573
580 576
580 574
580 577
580 571
580 575
580 576
580 575
580 575
580 575
580 576
580 575
580 576
580 573
580 576
580 577
590 586
590 585
590 586
590 584
590 583
590 584
590 582
590 585
590 585
590 583
590 582
590 585
590 588
590 583
590 582
590 584
590 581
590 585
590 581
590 579
590 583
590 577
590 589
590 584
590 585
590 586
590 580
590 586
590 582
590 586
590 580
590 582
590 583
590 583
590 582
590 580
590 588
590 582
590 584
590 580
590 582
590 583
590 586
590 586
590 584
590 587
590 585
590 583
590 582
590 585
600 593
600 595
600 593
600 591
600 590
600 593
600 595
600 592
600 595
600 595
600 590
600 595
600 595
600 596
600 596
600 594
600 595
600 592
600 597
600 595
600 594
600 595
600 590
600 591
600 592
600 595
600 597
600 593
600 593
600 593
600 596
600 592
600 594
600 598
600 593
600 594
600 597
600 594
600 592
600 592
600 592
600 592
600 590
600 595
600 592
600 595
600 591
600 595
600 588
600 593
610 603
610 602
610 603
610 605
610 599
610 604
610 603
610 605
610 607
610 601
610 604
610 602
610 605
610 605
610 599
610 603
610 603
610 601
610 604
610 605
610 601
610 599
610 600
610 607
610 607
610 606
610 603
610 600
610 605
610 607
610 605
610 605
610 602
610 603
610 604
610 607
610 606
610 608
610 599
610 604
610 602
610 603
610 599
610 604
610 604
610 603
610 603
610 606
610 604
610 603
620 614
620 611
620 616
620 611
620 616
620 615
620 614
620 613
620 615
620 617
620 611
620 615
620 609
620 616
620 611
620 615
620 614
620 617
620 618
620 614
620 615
620 617
620 611
620 615
620 613
620 614
620 615
620 613
620 614
620 614
620 610
620 617
620 616
620 613
620 612
620 614
620 615
620 612
620 614
620 612
620 616
620 614
620 616
620 613
620 614
620 612
620 614
620 614
620 614
620 613
630 623
630 622
630 626
630 621
630 625
630 623
630 625
630 622
630 626
630 622
630 625
630 621
630 623
630 622
630 622
630 621
630 626
630 625
630 622
630 621
630 621
630 625
630 622
630 626
630 625
630 624
630 625
630 625
630 625
630 623
630 622
630 629
630 619
630 626
630 628
630 624
630 620
630 621
630 625
630 624
630 624
630 621
630 626
630 622
630 621
630 620
630 618
630 626
630 624
630 620
640 634
640 633
640 634
640 635
640 638
640 637
640 628
640 632
640 631
640 633
640 637
640 636
640 635
640 632
640 632
640 637
640 633
640 634
640 630
640 637
640 632
640 631
640 632
640 634
640 632
640 636
640 633
640 637
640 632
640 638
640 633
640 638
640 632
640 636
640 630
640 631
640 635
640 638
640 637
640 635
640 633
640 635
640 635
640 636
640 631
640 632
640 632
640 634
640 635
640 635
650 644
650 645
650 643
650 644
650 645
650 642
650 644
650 648
650 642
650 641
650 646
650 643
650 646
650 643
650 643
650 645
650 638
650 643
650 645
650 640
650 642
650 645
650 643
650 641
650 641
650 643
650 642
650 646
650 645
650 645
650 644
650 643
650 643
650 640
650 642
650 643
650 646
650 646
650 643
650 643
650 645
650 639
650 638
650 642
650 645
650 643
650 644
650 641
650 643
650 645
660 655
660 657
660 655
660 654
660 655
660 650
660 655
660 657
660 646
660 651
660 655
660 654
660 656
660 655
660 653
660 654
660 651
660 654
660 654
660 652
660 653
660 655
660 656
660 654
660 657
660 653
660 655
660 653
660 655
660 654
660 648
660 657
660 650
660 655
660 651
660 656
660 650
660 651
660 650
660 657
660 653
660 651
660 654
660 656
660 654
660 653
660 653
660 651
660 656
660 652
670 667
670 665
670 662
670 662
670 661
670 665
670 659
670 666
670 662
670 657
670 665
670 663
670 664
670 662
670 663
670 665
670 665
670 660
670 660
670 667
670 662
670 661
670 667
670 664
670 662
670 665
670 666
670 660
670 662
670 668
670 662
670 666
670 662
670 663
670 665
670 664
670 666
670 663
670 666
670 662
670 666
670 664
670 664
670 665
670 666
670 661
670 663
670 656
670 665
670 666
680 673
680 675
680 678
680 677
680 672
680 673
680 673
680 674
680 674
680 675
680 675
680 677
680 678
680 669
680 677
680 675
680 674
680 671
680 671
680 669
680 677
680 669
680 667
680 672
680 675
680 671
680 672
680 676
680 674
680 674
680 673
680 677
680 671
680 676
680 675
680 674
680 673
680 671
680 672
680 676
680 674
680 673
680 678
680 675
680 672
680 673
680 676
680 676
680 670
680 671
690 684
690 680
690 689
690 688
690 684
690 686
690 681
690 686
690 682
690 681
690 684
690 682
690 672
690 684
690 684
690 683
690 686
690 683
690 685
690 682
690 682
690 682
690 684
690 687
690 686
690 681
690 683
690 685
690 684
690 682
690 685
690 682
690 685
690 683
690 683
690 681
690 685
690 686
690 686
690 681
690 679
690 685
690 685
690 685
690 687
690 683
690 681
690 686
690 685
690 686
700 694
700 694
700 693
700 692
700 692
700 693
700 690
700 693
700 695
700 694
700 694
700 697
700 694
700 693
700 695
700 697
700 696
700 695
700 692
700 694
700 694
700 696
700 691
700 690
700 695
700 691
700 696
700 693
700 695
700 693
700 691
700 696
700 690
700 697
700 693
700 692
700 694
700 696
700 692
700 689
700 690
700 692
700 695
700 694
700 694
700 696
700 691
700 696
700 696
700 694
710 700
710 706
710 707
710 707
710 703
710 705
710 702
710 707
710 700
710 704
710 705
710 701
710 702
710 702
710 701
710 702
710 699
710 706
710 702
710 702
710 705
710 702
710 706
710 701
710 698
710 704
710 704
710 705
710 704
710 704
710 704
710 699
710 703
710 703
710 704
710 703
710 702
710 701
710 705
710 706
710 703
710 702
710 703
710 701
710 706
710 705
710 701
710 703
710 703
710 703
720 718
720 713
720 710
720 712
720 717
720 709
720 713
720 714
720 709
720 712
720 715
720 712
720 709
720 715
720 715
720 714
720 713
720 710
720 707
720 714
720 716
720 713
720 714
720 712
720 712
720 715
720 713
720 714
720 713
720 715
720 713
720 712
720 715
720 710
720 714
720 714
720 711
720 714
720 711
720 714
720 713
720 714
720 713
720 716
720 710
720 712
720 709
720 715
720 717
720 713
730 725
730 724
730 727
730 727
730 725
730 722
730 725
730 725
730 722
730 723
730 723
730 724
730 723
730 720
730 723
730 724
730 725
730 722
730 724
730 720
730 722
730 725
730 724
730 725
730 724
730 725
730 719
730 724
730 721
730 724
730 725
730 722
730 726
730 722
730 721
730 727
730 722
730 725
730 724
730 724
730 724
730 726
730 727
730 725
730 721
730 722
730 724
730 722
730 719
730 722
740 736
740 733
740 732
740 736
740 734
740 735
740 734
740 736
740 730
740 734
740 732
740 736
740 738
740 736
740 734
740 731
740 735
740 739
740 731
740 727
740 734
740 733
740 732
740 731
740 734
740 733
740 735
740 733
740 735
740 732
740 737
740 730
740 736
740 737
740 727
740 732
740 734
740 733
740 737
740 731
740 735
740 736
740 736
740 733
740 737
740 736
740 734
740 734
740 734
740 732
750 745
750 744
750 748
750 741
750 744
750 745
750 746
750 745
750 741
750 742
750 745
750 744
750 744
750 741
750 741
750 745
750 747
750 744
750 743
750 743
750 747
750 741
750 741
750 741
750 742
750 744
750 744
750 742
750 744
750 744
750 743
750 744
750 746
750 746
750 746
750 739
750 746
750 742
750 745
750 742
750 744
750 741
750 745
750 742
750 745
750 743
750 743
750 742
750 739
750 747
760 754
760 753
760 752
760 755
760 756
760 754
760 754
760 754
760 751
760 750
760 749
760 748
760 758
760 755
760 757
760 752
760 752
760 755
760 750
760 754
760 754
760 754
760 753
760 755
760 753
760 752
760 754
760 753
760 754
760 755
760 753
760 754
760 752
760 755
760 747
760 753
760 756
760 754
760 754
760 750
760 754
760 753
760 751
760 752
760 751
760 756
760 752
760 754
760 751
760 752
770 766
770 763
770 766
770 764
770 764
770 764
770 764
770 764
770 764
770 766
770 766
770 763
770 768
770 763
770 766
770 761
770 765
770 762
770 766
770 762
770 762
770 765
770 764
770 759
770 764
770 765
770 764
770 764
770 762
770 763
770 760
770 766
770 761
770 765
770 761
770 768
770 760
770 767
770 766
770 764
770 763
770 765
770 763
770 765
770 761
770 764
770 762
770 762
770 761
770 763
780 777
780 772
780 773
780 773
780 773
780 772
780 774
780 772
780 771
780 775
780 775
780 774
780 772
780 773
780 772
780 772
780 775
780 775
780 775
780 771
780 774
780 778
780 774
780 775
780 770
780 773
780 772
780 775
780 771
780 774
780 770
780 772
780 777
780 774
780 775
780 772
780 772
780 772
780 774
780 769
780 774
780 775
780 775
780 767
780 774
780 770
780 775
780 770
780 774
780 773
790 780
790 785
790 783
790 786
790 784
790 784
790 786
790 784
790 785
790 786
790 783
790 784
790 784
790 780
790 786
790 783
790 783
790 783
790 788
790 787
790 784
790 782
790 781
790 784
790 785
790 784
790 784
790 783
790 783
790 787
790 786
790 783
790 781
790 784
790 784
790 787
790 780
790 781
790 779
790 780
790 784
790 782
790 782
790 786
790 778
790 780
790 783
790 780
790 785
790 782
800 792
800 793
800 794
800 796
800 792
800 795
800 795
800 791
800 790
800 793
800 791
800 789
800 796
800 793
800 796
800 794
800 791
800 796
800 792
800 793
800 792
800 795
800 790
800 793
800 791
800 795
800 790
800 790
800 796
800 795
800 795
800 795
800 794
800 793
800 796
800 797
800 792
800 795
800 794
800 795
800 789
800 796
800 795
800 793
800 798
800 794
800 791
800 789
800 796
800 792
810 807
810 804
810 805
810 801
810 800
810 805
810 795
810 804
810 803
810 803
810 803
810 802
810 804
810 804
810 805
810 804
810 804
810 800
810 806
810 806
810 804
810 803
810 802
810 805
810 805
810 806
810 806
810 805
810 803
810 807
810 803
810 808
810 801
810 802
810 805
810 805
810 803
810 802
810 803
810 802
810 804
810 802
810 805
810 801
810 802
810 804
810 799
810 800
810 804
810 804
820 814
820 811
820 816
820 816
820 812
820 813
820 816
820 812
820 812
820 814
820 812
820 815
820 810
820 813
820 817
820 816
820 812
820 814
820 813
820 810
820 812
820 809
820 813
820 812
820 811
820 812
820 812
820 817
820 813
820 817
820 811
820 812
820 815
820 814
820 812
820 814
820 812
820 814
820 816
820 814
820 813
820 813
820 812
820 812
820 812
820 812
820 816
820 809
820 816
820 809
830 823
830 821
830 824
830 827
830 825
830 821
830 825
830 816
830 819
830 827
830 822
830 823
830 817
830 825
830 821
830 822
830 822
830 825
830 823
830 824
830 826
830 819
830 822
830 819
830 820
830 824
830 826
830 826
830 823
830 823
830 823
830 824
830 822
830 824
830 824
830 825
830 825
830 824
830 825
830 822
830 822
830 820
830 823
830 825
830 821
830 824
830 825
830 821
830 822
830 824
840 831
840 835
840 837
840 832
840 834
840 834
840 838
840 834
840 830
840 835
840 832
840 832
840 832
840 834
840 833
840 836
840 834
840 836
840 837
840 838
840 831
840 834
840 835
840 834
840 836
840 835
840 829
840 832
840 835
840 831
840 834
840 833
840 834
840 828
840 832
840 834
840 832
840 836
840 832
840 835
840 834
840 829
840 830
840 835
840 832
840 836
840 831
840 831
840 837
840 834
850 842
850 841
850 844
850 843
850 846
850 847
850 843
850 841
850 844
850 846
850 844
850 843
850 843
850 844
850 843
850 843
850 839
850 841
850 844
850 842
850 842
850 843
850 841
850 843
850 841
850 848
850 840
850 842
850 845
850 843
850 843
850 841
850 842
850 842
850 846
850 837
850 847
850 844
850 840
850 843
850 846
850 844
850 845
850 847
850 846
850 843
850 845
850 841
850 843
850 844
860 853
860 854
860 851
860 856
860 849
860 857
860 853
860 856
860 855
860 854
860 854
860 850
860 853
860 855
860 849
860 851
860 856
860 851
860 855
860 851
860 850
860 855
860 851
860 855
860 854
860 847
860 854
860 856
860 850
860 850
860 857
860 852
860 853
860 855
860 847
860 847
860 856
860 852
860 853
860 849
860 856
860 853
860 849
860 852
860 855
860 855
860 846
860 852
860 853
860 850
870 864
870 866
870 862
870 857
870 861
870 865
870 863
870 862
870 860
870 866
870 863
870 860
870 858
870 860
870 863
870 861
870 865
870 861
870 862
870 862
870 860
870 857
870 860
870 864
870 859
870 866
870 864
870 863
870 865
870 865
870 863
870 860
870 866
870 864
870 861
870 863
870 865
870 865
870 863
870 864
870 861
870 864
870 861
870 863
870 857
870 863
870 863
870 863
870 866
870 865
880 876
880 873
880 878
880 870
880 871
880 875
880 873
880 875
880 872
880 876
880 873
880 876
880 874
880 877
880 876
880 871
880 875
880 874
880 873
880 876
880 871
880 874
880 877
880 874
880 872
880 871
880 873
880 874
880 872
880 870
880 876
880 873
880 874
880 873
880 876
880 875
880 873
880 878
880 874
880 875
880 873
880 875
880 871
880 869
880 872
880 875
880 869
880 874
880 872
880 870
890 885
890 883
890 884
890 881
890 882
890 884
890 885
890 881
890 879
890 885
890 882
890 881
890 887
890 885
890 880
890 881
890 885
890 878
890 885
890 881
890 884
890 881
890 883
890 881
890 884
890 886
890 884
890 884
890 882
890 887
890 884
890 886
890 887
890 885
890 885
890 882
890 883
890 876
890 887
890 884
890 885
890 879
890 883
890 884
890 884
890 878
890 884
890 879
890 885
890 885
900 894
900 889
900 893
900 896
900 890
900 896
900 892
900 893
900 894
900 893
900 887
900 897
900 895
900 896
900 893
900 894
900 894
900 894
900 897
900 895
900 895
900 895
900 892
900 894
900 894
900 890
900 892
900 892
900 891
900 896
900 894
900 894
900 894
900 892
900 894
900 888
900 897
900 894
900 892
900 895
900 895
900 890
900 888
900 895
900 892
900 896
900 895
900 896
900 894
900 896
910 903
910 905
910 894
910 904
910 900
910 902
910 903
910 906
910 904
910 901
910 905
910 902
910 903
910 903
910 901
910 901
910 905
910 901
910 901
910 900
910 902
910 905
910 897
910 904
910 905
910 903
910 905
910 900
910 903
910 902
910 902
910 900
910 901
910 903
910 903
910 905
910 905
910 901
910 900
910 903
910 907
910 907
910 904
910 902
910 903
910 905
910 904
910 905
910 903
910 900
920 914
920 916
920 913
920 917
920 912
920 914
920 906
920 915
920 915
920 913
920 916
920 916
920 908
920 915
920 913
920 916
920 915
920 916
920 914
920 912
920 915
920 911
920 916
920 916
920 911
920 910
920 912
920 909
920 913
920 914
920 915
920 911
920 914
920 910
920 916
920 914
920 914
920 914
920 913
920 913
920 909
920 913
920 914
920 915
920 916
920 917
920 916
920 912
920 915
920 915
930 924
930 927
930 918
930 924
930 925
930 921
930 924
930 921
930 921
930 924
930 920
930 923
930 924
930 923
930 924
930 925
930 926
930 921
930 927
930 925
930 921
930 924
930 922
930 924
930 927
930 920
930 924
930 918
930 925
930 925
930 922
930 925
930 922
930 925
930 923
930 921
930 923
930 925
930 923
930 924
930 927
930 922
930 921
930 923
930 924
930 920
930 921
930 922
930 925
930 921
940 934
940 934
940 936
940 931
940 935
940 932
940 934
940 935
940 930
940 934
940 934
940 935
940 935
940 937
940 932
940 936
940 932
940 928
940 936
940 929
940 936
940 934
940 938
940 932
940 933
940 937
940 935
940 934
940 935
940 933
940 935
940 930
940 928
940 937
940 934
940 933
940 930
940 937
940 936
940 933
940 933
940 934
940 933
940 932
940 933
940 934
940 934
940 937
940 935
940 934
950 947
950 944
950 946
950 942
950 945
950 946
950 943
950 942
950 946
950 939
950 946
950 946
950 940
950 945
950 942
950 945
950 945
950 942
950 943
950 944
950 940
950 947
950 947
950 943
950 944
950 947
950 944
950 943
950 944
950 945
950 941
950 945
950 942
950 943
950 947
950 941
950 944
950 945
950 941
950 943
950 946
950 939
950 946
950 946
950 947
950 946
950 945
950 945
950 944
950 943
960 954
960 954
960 956
960 949
960 951
960 955
960 951
960 954
960 952
960 953
960 948
960 954
960 952
960 957
960 953
960 956
960 953
960 954
960 952
960 954
960 956
960 953
960 953
960 953
960 953
960 956
960 955
960 951
960 953
960 953
960 951
960 953
960 956
960 945
960 952
960 954
960 950
960 955
960 954
960 953
960 956
960 955
960 954
960 951
960 954
960 953
960 953
960 949
960 952
960 953
970 963
970 961
970 964
970 966
970 966
970 962
970 966
970 961
970 963
970 958
970 965
970 961
970 963
970 965
970 965
970 962
970 962
970 965
970 960
970 964
970 964
970 957
970 962
970 964
970 962
970 957
970 962
970 963
970 962
970 958
970 963
970 962
970 963
970 966
970 962
970 962
970 962
970 958
970 961
970 964
970 959
970 961
970 964
970 965
970 955
970 957
970 959
970 965
970 959
970 966
980 975
980 973
980 971
980 972
980 970
980 976
980 973
980 972
980 975
980 977
980 973
980 973
980 972
980 973
980 975
980 974
980 977
980 974
980 973
980 971
980 976
980 972
980 973
980 974
980 973
980 969
980 977
980 970
980 973
980 976
980 973
980 976
980 972
980 971
980 974
980 975
980 974
980 968
980 977
980 977
980 976
980 974
980 974
980 973
980 977
980 973
980 969
980 974
980 975
980 973
990 984
990 978
990 986
990 978
990 985
990 985
990 983
990 980
990 980
990 985
990 985
990 985
990 981
990 983
990 985
990 983
990 984
990 988
990 981
990 982
990 978
990 984
990 980
990 984
990 983
990 984
990 983
990 988
990 983
990 985
990 982
990 979
990 982
990 979
990 981
990 985
990 979
990 984
990 985
990 983
990 979
990 984
990 986
990 983
990 981
990 984
990 986
990 981
990 987
990 986
1000 990
1000 991
1000 992
1000 995
1000 994
1000 995
1000 986
1000 987
1000 991
1000 995
1000 993
1000 996
1000 993
1000 994
1000 997
1000 995
1000 992
1000 991
1000 988
1000 996
1000 997
1000 995
1000 992
1000 990
1000 997
1000 993
1000 996
1000 992
1000 994
1000 991
1000 994
1000 989
1000 992
1000 995
1000 993
1000 995
1000 995
1000 994
1000 992
1000 990
1000 992
1000 990
1000 995
1000 994
1000 993
1000 994
1000 991
1000 992
1000 993
1000 995
