10 4
10 3
10 4
10 3
10 6
10 6
10 7
10 5
10 3
10 5
10 5
10 5
10 6
10 5
10 5
10 8
10 4
10 5
10 4
10 4
10 4
10 5
10 5
10 5
10 5
10 4
10 5
10 7
10 5
10 4
10 5
10 4
10 4
10 5
10 4
10 4
10 5
10 5
10 4
10 8
10 5
10 3
10 5
10 5
10 6
10 4
10 6
10 5
10 7
10 6
20 7
20 9
20 9
20 5
20 7
20 7
20 6
20 7
20 9
20 6
20 9
20 10
20 6
20 7
20 6
20 8
20 6
20 9
20 6
20 6
20 6
20 6
20 7
20 6
20 6
20 5
20 6
20 7
20 10
20 6
20 7
20 8
20 7
20 7
20 5
20 6
20 6
20 7
20 6
20 7
20 7
20 6
20 7
20 5
20 6
20 8
20 5
20 6
20 6
20 7
30 12
30 8
30 10
30 7
30 7
30 11
30 7
30 7
30 6
30 8
30 7
30 10
30 10
30 6
30 7
30 8
30 8
30 9
30 6
30 9
30 10
30 9
30 8
30 9
30 9
30 8
30 8
30 6
30 7
30 9
30 9
30 8
30 7
30 9
30 8
30 8
30 10
30 6
30 7
30 7
30 9
30 10
30 9
30 8
30 9
30 8
30 9
30 8
30 9
30 10
40 8
40 10
40 11
40 8
40 10
40 7
40 8
40 11
40 10
40 8
40 9
40 9
40 10
40 9
40 10
40 10
40 9
40 12
40 10
40 10
40 15
40 10
40 9
40 8
40 10
40 9
40 10
40 8
40 10
40 8
40 8
40 8
40 13
40 8
40 7
40 10
40 10
40 8
40 9
40 9
40 11
40 11
40 7
40 8
40 9
40 7
40 9
40 10
40 9
40 8
50 10
50 8
50 8
50 10
50 13
50 8
50 8
50 9
50 11
50 8
50 10
50 8
50 12
50 10
50 8
50 10
50 7
50 9
50 10
50 9
50 10
50 11
50 10
50 9
50 10
50 14
50 11
50 10
50 9
50 9
50 11
50 11
50 8
50 13
50 10
50 8
50 10
50 10
50 11
50 7
50 8
50 12
50 8
50 10
50 8
50 12
50 11
50 10
50 9
50 9
60 10
60 12
60 11
60 13
60 9
60 13
60 11
60 10
60 11
60 10
60 12
60 10
60 9
60 10
60 12
60 12
60 10
60 12
60 12
60 12
60 11
60 12
60 10
60 9
60 11
60 9
60 10
60 9
60 11
60 9
60 10
60 12
60 10
60 13
60 9
60 11
60 11
60 10
60 11
60 12
60 10
60 9
60 9
60 10
60 10
60 15
60 9
60 11
60 7
60 9
70 9
70 11
70 14
70 10
70 10
70 9
70 9
70 13
70 12
70 13
70 11
70 13
70 12
70 10
70 10
70 11
70 12
70 11
70 12
70 11
70 9
70 12
70 9
70 14
70 13
70 9
70 15
70 11
70 11
70 11
70 10
70 13
70 14
70 12
70 11
70 13
70 9
70 12
70 10
70 12
70 10
70 10
70 11
70 9
70 11
70 10
70 12
70 11
70 13
70 12
80 11
80 9
80 14
80 11
80 13
80 10
80 11
80 9
80 11
80 11
80 10
80 14
80 11
80 13
80 14
80 12
80 13
80 12
80 10
80 12
80 15
80 15
80 11
80 10
80 11
80 11
80 11
80 13
80 13
80 9
80 13
80 12
80 13
80 11
80 9
80 11
80 12
80 10
80 11
80 10
80 11
80 12
80 11
80 13
80 14
80 12
80 10
80 13
80 11
80 12
90 10
90 10
90 14
90 15
90 13
90 10
90 12
90 12
90 12
90 12
90 11
90 15
90 11
90 12
90 15
90 11
90 10
90 10
90 12
90 10
90 12
90 15
90 11
90 11
90 12
90 15
90 14
90 10
90 14
90 15
90 14
90 13
90 11
90 14
90 12
90 12
90 12
90 13
90 12
90 8
90 11
90 12
90 11
90 12
90 9
90 15
90 11
90 13
90 16
90 13
100 13
100 11
100 11
100 14
100 12
100 12
100 12
100 10
100 11
100 13
100 13
100 12
100 14
100 13
100 13
100 11
100 12
100 11
100 13
100 11
100 13
100 14
100 15
100 11
100 16
100 17
100 14
100 12
100 10
100 14
100 10
100 10
100 12
100 13
100 11
100 12
100 10
100 13
100 11
100 14
100 12
100 12
100 11
100 10
100 14
100 13
100 12
100 13
100 11
100 11
110 14
110 12
110 11
110 11
110 10
110 17
110 12
110 14
110 15
110 13
110 12
110 15
110 12
110 13
110 13
110 11
110 13
110 15
110 15
110 12
110 13
110 12
110 14
110 13
110 13
110 14
110 13
110 12
110 16
110 10
110 13
110 15
110 13
110 15
110 12
110 13
110 12
110 13
110 15
110 12
110 13
110 12
110 14
110 12
110 12
110 12
110 17
110 11
110 12
110 12
120 14
120 14
120 10
120 12
120 14
120 14
120 13
120 14
120 11
120 14
120 16
120 12
120 13
120 14
120 11
120 12
120 11
120 15
120 11
120 14
120 12
120 11
120 14
120 13
120 18
120 22
120 15
120 14
120 13
120 13
120 14
120 13
120 14
120 14
120 11
120 16
120 13
120 11
120 13
120 13
120 17
120 14
120 14
120 16
120 12
120 14
120 12
120 11
120 15
120 16
130 13
130 12
130 12
130 14
130 14
130 14
130 12
130 12
130 17
130 14
130 12
130 14
130 12
130 13
130 12
130 16
130 12
130 13
130 13
130 12
130 11
130 13
130 13
130 15
130 13
130 14
130 14
130 12
130 16
130 14
130 16
130 18
130 13
130 13
130 12
130 14
130 14
130 12
130 12
130 12
130 14
130 14
130 15
130 17
130 16
130 13
130 14
130 14
130 13
130 14
140 15
140 14
140 16
140 11
140 11
140 14
140 14
140 14
140 12
140 14
140 14
140 18
140 13
140 16
140 15
140 15
140 14
140 15
140 13
140 13
140 13
140 13
140 16
140 11
140 14
140 17
140 14
140 12
140 13
140 11
140 15
140 13
140 15
140 15
140 15
140 16
140 13
140 14
140 13
140 13
140 12
140 14
140 12
140 15
140 14
140 13
140 14
140 12
140 18
140 13
150 14
150 17
150 13
150 17
150 15
150 15
150 12
150 10
150 15
150 15
150 14
150 14
150 13
150 14
150 13
150 16
150 15
150 15
150 12
150 14
150 15
150 11
150 13
150 13
150 17
150 12
150 17
150 14
150 15
150 12
150 18
150 15
150 13
150 14
150 13
150 13
150 14
150 13
150 13
150 14
150 12
150 14
150 14
150 12
150 12
150 13
150 12
150 12
150 13
150 14
160 16
160 13
160 13
160 15
160 11
160 12
160 13
160 11
160 14
160 15
160 15
160 16
160 15
160 13
160 11
160 12
160 18
160 16
160 13
160 13
160 14
160 15
160 16
160 12
160 12
160 14
160 15
160 15
160 14
160 15
160 15
160 16
160 15
160 14
160 13
160 15
160 16
160 16
160 14
160 14
160 13
160 17
160 17
160 14
160 15
160 13
160 12
160 14
160 12
160 13
170 13
170 15
170 13
170 13
170 14
170 14
170 13
170 14
170 13
170 16
170 15
170 20
170 16
170 14
170 15
170 18
170 13
170 14
170 14
170 15
170 14
170 13
170 16
170 12
170 16
170 14
170 16
170 14
170 15
170 12
170 15
170 14
170 13
170 17
170 15
170 14
170 13
170 12
170 17
170 13
170 16
170 14
170 14
170 13
170 13
170 12
170 18
170 15
170 17
170 18
180 15
180 16
180 17
180 14
180 15
180 16
180 13
180 18
180 15
180 16
180 14
180 16
180 15
180 17
180 19
180 17
180 15
180 14
180 18
180 17
180 15
180 14
180 17
180 14
180 13
180 15
180 15
180 13
180 14
180 13
180 15
180 16
180 16
180 13
180 16
180 13
180 14
180 14
180 15
180 17
180 14
180 15
180 15
180 15
180 14
180 13
180 12
180 14
180 15
180 18
190 14
190 14
190 15
190 17
190 15
190 16
190 13
190 12
190 11
190 14
190 18
190 12
190 17
190 20
190 14
190 16
190 14
190 16
190 15
190 19
190 17
190 13
190 16
190 13
190 16
190 15
190 13
190 20
190 13
190 16
190 12
190 14
190 15
190 16
190 12
190 14
190 14
190 14
190 14
190 16
190 13
190 12
190 14
190 14
190 13
190 13
190 14
190 15
190 15
190 17
200 22
200 15
200 17
200 15
200 17
200 13
200 14
200 16
200 14
200 14
200 14
200 14
200 15
200 13
200 15
200 18
200 17
200 14
200 17
200 19
200 15
200 12
200 15
200 13
200 20
200 16
200 15
200 13
200 20
200 13
200 12
200 16
200 19
200 17
200 14
200 15
200 15
200 15
200 19
200 15
200 14
200 14
200 14
200 16
200 13
200 17
200 15
200 14
200 20
200 13
210 14
210 17
210 15
210 16
210 15
210 15
210 20
210 17
210 14
210 17
210 19
210 15
210 14
210 13
210 16
210 13
210 17
210 15
210 14
210 14
210 13
210 16
210 15
210 16
210 16
210 14
210 14
210 18
210 19
210 21
210 17
210 13
210 16
210 14
210 20
210 15
210 15
210 15
210 15
210 17
210 16
210 15
210 15
210 16
210 13
210 13
210 14
210 13
210 17
210 14
220 18
220 15
220 14
220 18
220 17
220 16
220 13
220 16
220 15
220 15
220 17
220 14
220 16
220 18
220 15
220 14
220 15
220 15
220 15
220 15
220 17
220 16
220 16
220 19
220 16
220 17
220 16
220 15
220 16
220 14
220 17
220 15
220 15
220 14
220 15
220 17
220 15
220 21
220 16
220 15
220 13
220 14
220 17
220 15
220 16
220 14
220 14
220 13
220 15
220 18
230 18
230 15
230 13
230 15
230 13
230 15
230 16
230 14
230 15
230 19
230 14
230 16
230 13
230 14
230 18
230 15
230 16
230 15
230 15
230 18
230 18
230 15
230 17
230 14
230 14
230 17
230 17
230 14
230 15
230 13
230 14
230 13
230 14
230 14
230 16
230 15
230 15
230 17
230 14
230 14
230 13
230 14
230 16
230 17
230 14
230 17
230 15
230 17
230 16
230 18
240 14
240 15
240 17
240 14
240 15
240 16
240 18
240 14
240 17
240 16
240 16
240 16
240 15
240 16
240 16
240 15
240 14
240 14
240 14
240 18
240 15
240 13
240 13
240 17
240 15
240 16
240 17
240 15
240 17
240 15
240 17
240 16
240 16
240 12
240 15
240 13
240 14
240 14
240 14
240 16
240 17
240 16
240 15
240 16
240 17
240 20
240 19
240 17
240 17
240 18
250 14
250 15
250 16
250 14
250 15
250 18
250 18
250 16
250 15
250 14
250 15
250 16
250 16
250 15
250 16
250 20
250 17
250 14
250 15
250 17
250 15
250 14
250 17
250 16
250 15
250 17
250 17
250 14
250 15
250 16
250 16
250 16
250 15
250 18
250 17
250 17
250 17
250 20
250 15
250 15
250 15
250 15
250 16
250 16
250 19
250 17
250 19
250 15
250 13
250 16
260 15
260 16
260 16
260 16
260 14
260 16
260 15
260 17
260 16
260 19
260 17
260 20
260 16
260 14
260 14
260 17
260 16
260 16
260 20
260 16
260 17
260 18
260 17
260 23
260 17
260 15
260 15
260 15
260 16
260 15
260 15
260 18
260 15
260 21
260 18
260 15
260 16
260 17
260 20
260 14
260 16
260 14
260 15
260 13
260 15
260 15
260 15
260 17
260 15
260 19
270 15
270 14
270 17
270 14
270 18
270 16
270 18
270 14
270 14
270 15
270 16
270 15
270 19
270 16
270 16
270 18
270 14
270 17
270 16
270 17
270 16
270 17
270 18
270 15
270 14
270 15
270 16
270 16
270 17
270 17
270 16
270 17
270 16
270 17
270 14
270 18
270 16
270 19
270 18
270 14
270 15
270 16
270 17
270 14
270 14
270 17
270 17
270 15
270 17
270 16
280 13
280 16
280 20
280 17
280 15
280 18
280 19
280 18
280 18
280 17
280 17
280 17
280 18
280 15
280 16
280 16
280 14
280 15
280 16
280 17
280 18
280 17
280 17
280 15
280 14
280 13
280 18
280 19
280 16
280 21
280 15
280 15
280 16
280 16
280 14
280 17
280 16
280 20
280 16
280 16
280 17
280 17
280 20
280 15
280 18
280 14
280 16
280 18
280 19
280 17
290 19
290 17
290 21
290 17
290 19
290 16
290 17
290 17
290 17
290 17
290 16
290 14
290 15
290 16
290 17
290 19
290 15
290 16
290 16
290 15
290 15
290 16
290 16
290 16
290 16
290 14
290 14
290 16
290 17
290 18
290 17
290 15
290 16
290 16
290 17
290 17
290 16
290 17
290 16
290 16
290 17
290 13
290 14
290 14
290 18
290 14
290 14
290 17
290 17
290 15
300 15
300 18
300 23
300 17
300 20
300 17
300 19
300 15
300 17
300 20
300 20
300 18
300 14
300 16
300 17
300 15
300 16
300 16
300 17
300 19
300 16
300 16
300 19
300 18
300 15
300 18
300 17
300 17
300 14
300 15
300 17
300 17
300 16
300 17
300 18
300 20
300 18
300 16
300 16
300 16
300 17
300 15
300 16
300 15
300 16
300 14
300 17
300 16
300 15
300 16
310 15
310 19
310 15
310 17
310 16
310 18
310 14
310 17
310 17
310 17
310 15
310 18
310 15
310 14
310 19
310 18
310 15
310 16
310 13
310 16
310 16
310 16
310 16
310 18
310 16
310 17
310 16
310 18
310 18
310 17
310 18
310 15
310 17
310 18
310 16
310 15
310 16
310 17
310 16
310 14
310 16
310 16
310 17
310 16
310 15
310 15
310 17
310 17
310 14
310 17
320 15
320 20
320 18
320 21
320 18
320 16
320 15
320 17
320 14
320 16
320 18
320 14
320 20
320 14
320 16
320 17
320 15
320 16
320 15
320 16
320 19
320 19
320 19
320 17
320 16
320 21
320 15
320 18
320 19
320 14
320 19
320 16
320 14
320 16
320 18
320 17
320 14
320 16
320 15
320 16
320 23
320 18
320 18
320 16
320 16
320 15
320 18
320 19
320 15
320 18
330 16
330 17
330 18
330 19
330 17
330 20
330 17
330 16
330 19
330 17
330 15
330 18
330 17
330 16
330 19
330 16
330 21
330 18
330 17
330 19
330 14
330 20
330 21
330 18
330 14
330 15
330 17
330 19
330 17
330 17
330 13
330 14
330 15
330 16
330 20
330 18
330 15
330 15
330 17
330 19
330 17
330 16
330 16
330 15
330 17
330 16
330 20
330 18
330 16
330 15
340 17
340 15
340 17
340 16
340 18
340 15
340 16
340 17
340 15
340 16
340 16
340 14
340 16
340 17
340 18
340 17
340 15
340 18
340 18
340 15
340 16
340 16
340 16
340 19
340 18
340 20
340 16
340 17
340 17
340 17
340 18
340 18
340 17
340 16
340 18
340 15
340 15
340 16
340 20
340 17
340 25
340 14
340 16
340 18
340 17
340 16
340 17
340 21
340 15
340 16
350 16
350 15
350 17
350 19
350 17
350 20
350 16
350 19
350 18
350 18
350 17
350 15
350 19
350 17
350 17
350 19
350 21
350 16
350 20
350 18
350 17
350 17
350 14
350 18
350 17
350 17
350 15
350 16
350 15
350 17
350 22
350 17
350 19
350 14
350 16
350 16
350 16
350 15
350 19
350 18
350 17
350 21
350 18
350 18
350 20
350 16
350 16
350 18
350 19
350 17
360 16
360 18
360 16
360 17
360 19
360 16
360 16
360 15
360 17
360 16
360 17
360 19
360 18
360 15
360 17
360 18
360 17
360 16
360 18
360 18
360 16
360 16
360 17
360 17
360 17
360 17
360 18
360 19
360 16
360 19
360 15
360 16
360 16
360 15
360 18
360 16
360 20
360 18
360 16
360 19
360 16
360 16
360 17
360 16
360 15
360 20
360 20
360 16
360 20
360 15
370 17
370 23
370 17
370 18
370 14
370 15
370 19
370 19
370 16
370 18
370 21
370 17
370 19
370 16
370 20
370 18
370 21
370 17
370 19
370 16
370 17
370 19
370 18
370 18
370 18
370 18
370 18
370 17
370 17
370 22
370 19
370 16
370 22
370 16
370 18
370 18
370 19
370 15
370 16
370 19
370 19
370 16
370 16
370 15
370 17
370 18
370 20
370 17
370 17
370 16
380 20
380 15
380 15
380 18
380 19
380 15
380 19
380 16
380 22
380 17
380 20
380 18
380 18
380 15
380 19
380 17
380 15
380 18
380 21
380 19
380 17
380 15
380 14
380 18
380 15
380 18
380 17
380 19
380 18
380 18
380 20
380 17
380 23
380 18
380 19
380 16
380 16
380 19
380 16
380 18
380 16
380 18
380 16
380 17
380 19
380 18
380 18
380 16
380 17
380 18
390 16
390 18
390 18
390 20
390 17
390 19
390 19
390 21
390 17
390 20
390 19
390 17
390 16
390 18
390 20
390 19
390 17
390 17
390 17
390 19
390 14
390 20
390 18
390 18
390 19
390 19
390 16
390 20
390 17
390 17
390 18
390 17
390 18
390 20
390 17
390 19
390 16
390 18
390 18
390 18
390 19
390 18
390 17
390 17
390 19
390 18
390 16
390 17
390 15
390 17
400 20
400 17
400 15
400 16
400 19
400 16
400 21
400 15
400 18
400 20
400 19
400 18
400 20
400 20
400 18
400 18
400 19
400 20
400 18
400 21
400 16
400 19
400 15
400 17
400 18
400 19
400 15
400 18
400 19
400 19
400 19
400 15
400 22
400 17
400 17
400 16
400 14
400 17
400 16
400 15
400 22
400 18
400 19
400 18
400 20
400 16
400 18
400 17
400 20
400 16
410 21
410 19
410 19
410 16
410 18
410 17
410 20
410 18
410 14
410 17
410 16
410 16
410 17
410 16
410 18
410 19
410 17
410 18
410 20
410 18
410 14
410 18
410 15
410 18
410 17
410 18
410 18
410 16
410 16
410 18
410 19
410 19
410 16
410 17
410 17
410 21
410 19
410 18
410 20
410 18
410 17
410 15
410 18
410 15
410 19
410 17
410 17
410 20
410 16
410 20
420 16
420 16
420 18
420 18
420 18
420 18
420 17
420 22
420 17
420 16
420 21
420 18
420 17
420 16
420 17
420 17
420 18
420 20
420 17
420 19
420 16
420 21
420 16
420 18
420 17
420 19
420 16
420 18
420 16
420 15
420 17
420 19
420 18
420 18
420 15
420 19
420 18
420 18
420 18
420 17
420 22
420 18
420 16
420 18
420 19
420 21
420 19
420 19
420 17
420 21
430 18
430 18
430 20
430 14
430 17
430 17
430 17
430 19
430 22
430 17
430 16
430 15
430 17
430 16
430 18
430 17
430 18
430 22
430 16
430 19
430 16
430 17
430 19
430 18
430 18
430 16
430 18
430 16
430 21
430 19
430 16
430 18
430 21
430 19
430 19
430 18
430 19
430 20
430 15
430 17
430 19
430 17
430 16
430 20
430 22
430 19
430 19
430 18
430 17
430 19
440 15
440 19
440 15
440 19
440 18
440 15
440 16
440 23
440 21
440 18
440 21
440 17
440 19
440 19
440 15
440 20
440 16
440 17
440 16
440 17
440 19
440 21
440 20
440 19
440 18
440 21
440 18
440 19
440 19
440 18
440 19
440 17
440 16
440 21
440 16
440 17
440 17
440 20
440 19
440 19
440 17
440 14
440 18
440 18
440 18
440 17
440 16
440 16
440 19
440 20
450 19
450 20
450 18
450 19
450 17
450 19
450 23
450 18
450 19
450 21
450 16
450 19
450 19
450 18
450 16
450 18
450 19
450 19
450 22
450 20
450 20
450 21
450 17
450 16
450 16
450 16
450 22
450 18
450 21
450 19
450 16
450 20
450 19
450 16
450 19
450 19
450 19
450 18
450 17
450 17
450 15
450 17
450 17
450 17
450 16
450 21
450 20
450 21
450 17
450 16
460 19
460 21
460 17
460 21
460 18
460 17
460 19
460 16
460 19
460 20
460 18
460 21
460 19
460 17
460 20
460 16
460 18
460 18
460 18
460 20
460 18
460 19
460 19
460 18
460 18
460 18
460 17
460 21
460 16
460 21
460 19
460 21
460 17
460 18
460 18
460 17
460 18
460 17
460 17
460 17
460 18
460 17
460 19
460 21
460 19
460 16
460 17
460 16
460 21
460 17
470 18
470 17
470 18
470 16
470 15
470 19
470 18
470 20
470 17
470 18
470 18
470 19
470 16
470 18
470 20
470 18
470 17
470 21
470 16
470 18
470 20
470 20
470 19
470 20
470 19
470 18
470 21
470 17
470 18
470 19
470 19
470 19
470 18
470 17
470 19
470 17
470 20
470 20
470 18
470 18
470 18
470 21
470 17
470 18
470 18
470 20
470 21
470 17
470 19
470 17
480 18
480 18
480 19
480 20
480 20
480 21
480 19
480 15
480 20
480 14
480 18
480 18
480 18
480 20
480 21
480 17
480 17
480 19
480 18
480 15
480 16
480 19
480 21
480 17
480 18
480 15
480 19
480 15
480 22
480 22
480 17
480 18
480 18
480 19
480 15
480 15
480 17
480 16
480 23
480 18
480 18
480 20
480 18
480 18
480 21
480 17
480 18
480 18
480 18
480 19
490 20
490 17
490 20
490 18
490 19
490 19
490 18
490 18
490 19
490 18
490 18
490 17
490 18
490 19
490 19
490 19
490 19
490 18
490 18
490 16
490 19
490 16
490 17
490 20
490 18
490 16
490 18
490 19
490 20
490 18
490 20
490 17
490 20
490 20
490 17
490 22
490 19
490 17
490 16
490 19
490 19
490 19
490 18
490 17
490 19
490 18
490 18
490 19
490 18
490 16
500 18
500 17
500 18
500 18
500 18
500 25
500 24
500 17
500 19
500 18
500 19
500 18
500 18
500 18
500 17
500 17
500 19
500 18
500 17
500 20
500 16
500 18
500 18
500 17
500 17
500 18
500 16
500 18
500 16
500 19
500 16
500 20
500 19
500 19
500 20
500 19
500 17
500 19
500 20
500 18
500 16
500 21
500 17
500 19
500 16
500 14
500 18
500 17
500 17
500 19
510 17
510 16
510 19
510 17
510 19
510 18
510 19
510 19
510 22
510 20
510 20
510 19
510 17
510 18
510 19
510 21
510 21
510 19
510 18
510 18
510 20
510 24
510 19
510 18
510 18
510 19
510 18
510 16
510 21
510 20
510 20
510 18
510 18
510 19
510 19
510 18
510 18
510 20
510 18
510 18
510 20
510 19
510 21
510 17
510 19
510 18
510 18
510 18
510 19
510 18
520 17
520 21
520 23
520 20
520 17
520 17
520 19
520 24
520 18
520 19
520 16
520 19
520 23
520 19
520 19
520 17
520 20
520 22
520 20
520 19
520 20
520 18
520 16
520 18
520 18
520 20
520 17
520 18
520 18
520 18
520 18
520 18
520 16
520 17
520 25
520 18
520 17
520 19
520 20
520 17
520 18
520 19
520 20
520 18
520 17
520 19
520 17
520 17
520 19
520 19
530 19
530 18
530 16
530 21
530 21
530 19
530 17
530 17
530 21
530 20
530 17
530 20
530 20
530 17
530 18
530 20
530 20
530 17
530 19
530 18
530 19
530 17
530 16
530 18
530 22
530 17
530 18
530 19
530 16
530 18
530 23
530 20
530 18
530 20
530 20
530 17
530 21
530 21
530 17
530 20
530 17
530 17
530 17
530 17
530 18
530 18
530 18
530 20
530 18
530 21
540 17
540 20
540 17
540 17
540 19
540 21
540 18
540 19
540 16
540 17
540 19
540 17
540 17
540 20
540 20
540 23
540 23
540 18
540 21
540 20
540 20
540 20
540 17
540 20
540 20
540 19
540 19
540 26
540 22
540 17
540 18
540 21
540 17
540 18
540 22
540 18
540 18
540 18
540 17
540 19
540 17
540 18
540 16
540 22
540 18
540 22
540 23
540 19
540 16
540 19
550 23
550 18
550 22
550 16
550 19
550 19
550 20
550 21
550 18
550 19
550 23
550 18
550 18
550 19
550 23
550 18
550 17
550 15
550 15
550 18
550 20
550 19
550 18
550 22
550 20
550 18
550 18
550 17
550 17
550 21
550 21
550 19
550 19
550 20
550 19
550 19
550 18
550 18
550 17
550 17
550 19
550 20
550 19
550 19
550 19
550 18
550 20
550 21
550 18
550 18
560 21
560 17
560 22
560 16
560 20
560 16
560 23
560 16
560 19
560 17
560 19
560 19
560 18
560 18
560 26
560 21
560 15
560 17
560 18
560 18
560 18
560 22
560 19
560 19
560 20
560 24
560 19
560 20
560 18
560 20
560 18
560 18
560 20
560 21
560 19
560 20
560 16
560 21
560 17
560 20
560 20
560 19
560 20
560 20
560 16
560 24
560 19
560 18
560 17
560 23
570 21
570 18
570 19
570 19
570 17
570 19
570 18
570 17
570 16
570 21
570 18
570 18
570 20
570 19
570 21
570 20
570 20
570 23
570 20
570 18
570 20
570 15
570 20
570 20
570 18
570 22
570 19
570 22
570 16
570 19
570 19
570 19
570 15
570 22
570 18
570 20
570 16
570 22
570 18
570 21
570 17
570 17
570 22
570 18
570 19
570 22
570 18
570 18
570 19
570 18
580 17
580 17
580 21
580 20
580 19
580 18
580 22
580 20
580 21
580 18
580 24
580 19
580 21
580 20
580 21
580 19
580 16
580 16
580 19
580 18
580 18
580 22
580 19
580 19
580 18
580 18
580 18
580 19
580 16
580 20
580 18
580 20
580 22
580 23
580 20
580 21
580 18
580 22
580 17
580 20
580 20
580 21
580 22
580 17
580 18
580 19
580 18
580 20
580 20
580 18
590 19
590 26
590 19
590 23
590 19
590 17
590 18
590 20
590 16
590 18
590 16
590 21
590 20
590 20
590 17
590 17
590 19
590 18
590 20
590 17
590 23
590 18
590 21
590 19
590 17
590 21
590 17
590 20
590 17
590 20
590 21
590 20
590 21
590 18
590 21
590 22
590 18
590 19
590 18
590 19
590 21
590 21
590 19
590 20
590 17
590 19
590 19
590 23
590 23
590 19
600 19
600 18
600 17
600 20
600 19
600 22
600 19
600 19
600 19
600 16
600 22
600 19
600 20
600 16
600 16
600 20
600 17
600 19
600 20
600 22
600 18
600 20
600 23
600 20
600 17
600 24
600 19
600 17
600 19
600 19
600 20
600 17
600 21
600 20
600 22
600 20
600 23
600 19
600 21
600 19
600 18
600 20
600 20
600 20
600 18
600 21
600 18
600 20
600 19
600 22
610 20
610 20
610 21
610 21
610 17
610 18
610 19
610 20
610 21
610 17
610 19
610 19
610 20
610 18
610 21
610 17
610 21
610 17
610 19
610 20
610 17
610 21
610 18
610 19
610 18
610 23
610 16
610 22
610 18
610 19
610 22
610 20
610 18
610 19
610 18
610 18
610 20
610 18
610 19
610 16
610 18
610 21
610 17
610 18
610 23
610 19
610 20
610 19
610 18
610 18
620 19
620 22
620 19
620 20
620 19
620 17
620 19
620 16
620 25
620 22
620 22
620 26
620 20
620 20
620 21
620 22
620 19
620 19
620 18
620 17
620 19
620 17
620 16
620 20
620 17
620 23
620 22
620 18
620 20
620 18
620 17
620 18
620 23
620 23
620 20
620 18
620 18
620 21
620 19
620 20
620 20
620 19
620 23
620 20
620 21
620 21
620 19
620 17
620 19
620 19
630 19
630 20
630 21
630 20
630 17
630 20
630 22
630 20
630 18
630 18
630 18
630 26
630 18
630 19
630 20
630 19
630 19
630 18
630 18
630 20
630 19
630 22
630 19
630 21
630 21
630 22
630 18
630 19
630 19
630 19
630 20
630 24
630 20
630 19
630 20
630 22
630 20
630 18
630 17
630 22
630 19
630 19
630 17
630 20
630 18
630 21
630 18
630 18
630 16
630 16
640 21
640 16
640 21
640 18
640 23
640 22
640 20
640 19
640 19
640 20
640 21
640 20
640 19
640 22
640 22
640 21
640 19
640 19
640 21
640 22
640 20
640 18
640 19
640 17
640 17
640 18
640 19
640 20
640 17
640 20
640 23
640 18
640 20
640 21
640 19
640 22
640 20
640 20
640 18
640 16
640 17
640 19
640 23
640 17
640 19
640 18
640 21
640 21
640 21
640 18
650 19
650 18
650 20
650 20
650 23
650 19
650 19
650 21
650 19
650 21
650 20
650 18
650 20
650 23
650 20
650 23
650 21
650 21
650 20
650 19
650 19
650 21
650 19
650 16
650 19
650 19
650 20
650 16
650 19
650 19
650 20
650 20
650 21
650 16
650 21
650 20
650 20
650 22
650 20
650 21
650 20
650 23
650 18
650 17
650 20
650 17
650 20
650 18
650 19
650 17
660 19
660 17
660 22
660 18
660 22
660 22
660 20
660 18
660 20
660 20
660 20
660 20
660 19
660 16
660 23
660 23
660 20
660 22
660 21
660 20
660 21
660 19
660 19
660 24
660 18
660 24
660 20
660 18
660 18
660 21
660 20
660 18
660 20
660 21
660 19
660 22
660 19
660 19
660 17
660 20
660 20
660 17
660 17
660 20
660 20
660 23
660 20
660 19
660 22
660 18
670 23
670 18
670 18
670 21
670 18
670 18
670 19
670 20
670 16
670 20
670 17
670 18
670 17
670 20
670 22
670 21
670 20
670 18
670 19
670 19
670 21
670 20
670 19
670 18
670 21
670 23
670 20
670 20
670 18
670 20
670 19
670 25
670 19
670 19
670 18
670 17
670 25
670 19
670 22
670 17
670 21
670 22
670 18
670 19
670 18
670 19
670 23
670 18
670 18
670 21
680 19
680 20
680 26
680 20
680 19
680 19
680 20
680 20
680 25
680 19
680 19
680 18
680 19
680 18
680 21
680 22
680 21
680 18
680 21
680 22
680 19
680 23
680 21
680 18
680 22
680 18
680 22
680 19
680 19
680 21
680 19
680 22
680 16
680 19
680 20
680 22
680 17
680 18
680 19
680 23
680 21
680 19
680 20
680 17
680 20
680 19
680 18
680 20
680 17
680 19
690 20
690 19
690 20
690 18
690 20
690 17
690 20
690 20
690 20
690 21
690 19
690 25
690 18
690 22
690 19
690 17
690 24
690 19
690 20
690 22
690 19
690 17
690 21
690 18
690 21
690 19
690 22
690 19
690 21
690 19
690 21
690 19
690 20
690 20
690 23
690 19
690 19
690 19
690 24
690 21
690 19
690 18
690 19
690 23
690 18
690 19
690 19
690 22
690 26
690 23
700 20
700 21
700 19
700 20
700 23
700 18
700 19
700 19
700 22
700 18
700 18
700 19
700 20
700 18
700 20
700 19
700 17
700 22
700 21
700 22
700 23
700 21
700 19
700 19
700 19
700 16
700 19
700 20
700 19
700 19
700 18
700 20
700 19
700 22
700 17
700 22
700 22
700 20
700 22
700 19
700 18
700 19
700 19
700 20
700 19
700 23
700 18
700 21
700 20
700 18
710 20
710 22
710 21
710 19
710 20
710 23
710 21
710 20
710 20
710 19
710 19
710 18
710 20
710 19
710 20
710 19
710 21
710 22
710 21
710 23
710 21
710 18
710 22
710 20
710 19
710 20
710 19
710 22
710 19
710 19
710 22
710 20
710 16
710 22
710 19
710 18
710 20
710 20
710 19
710 21
710 18
710 18
710 20
710 21
710 23
710 23
710 21
710 21
710 22
710 20
720 18
720 23
720 19
720 20
720 23
720 18
720 23
720 22
720 20
720 17
720 17
720 18
720 21
720 21
720 23
720 17
720 20
720 21
720 17
720 20
720 21
720 19
720 19
720 19
720 22
720 19
720 21
720 21
720 19
720 23
720 22
720 21
720 19
720 20
720 21
720 19
720 18
720 20
720 17
720 18
720 22
720 20
720 21
720 20
720 18
720 18
720 18
720 21
720 19
720 21
730 19
730 19
730 19
730 19
730 23
730 21
730 18
730 22
730 22
730 19
730 18
730 19
730 24
730 18
730 21
730 19
730 18
730 19
730 19
730 18
730 24
730 26
730 24
730 20
730 22
730 19
730 20
730 23
730 20
730 21
730 21
730 21
730 20
730 21
730 21
730 20
730 23
730 21
730 17
730 18
730 18
730 24
730 23
730 19
730 19
730 19
730 19
730 20
730 19
730 20
740 19
740 20
740 20
740 21
740 20
740 17
740 20
740 20
740 17
740 19
740 18
740 20
740 19
740 18
740 20
740 23
740 18
740 19
740 17
740 22
740 22
740 18
740 19
740 23
740 20
740 19
740 21
740 21
740 24
740 20
740 24
740 17
740 21
740 18
740 17
740 22
740 17
740 18
740 21
740 18
740 22
740 21
740 21
740 20
740 22
740 17
740 21
740 21
740 20
740 20
750 20
750 23
750 20
750 20
750 17
750 19
750 19
750 18
750 20
750 19
750 25
750 23
750 19
750 22
750 18
750 21
750 22
750 20
750 19
750 17
750 17
750 18
750 21
750 18
750 20
750 22
750 22
750 19
750 19
750 22
750 23
750 19
750 19
750 18
750 22
750 20
750 19
750 20
750 20
750 22
750 19
750 18
750 20
750 18
750 19
750 18
750 19
750 21
750 18
750 20
760 19
760 18
760 19
760 20
760 21
760 19
760 19
760 21
760 18
760 18
760 20
760 22
760 20
760 20
760 20
760 18
760 21
760 21
760 21
760 20
760 20
760 19
760 19
760 21
760 18
760 21
760 18
760 21
760 20
760 20
760 19
760 23
760 20
760 21
760 22
760 19
760 24
760 21
760 21
760 21
760 17
760 22
760 19
760 21
760 19
760 19
760 19
760 20
760 24
760 20
770 17
770 19
770 22
770 21
770 19
770 20
770 20
770 24
770 21
770 22
770 21
770 21
770 21
770 19
770 21
770 17
770 20
770 24
770 19
770 18
770 21
770 20
770 18
770 18
770 22
770 20
770 20
770 24
770 20
770 16
770 19
770 19
770 22
770 22
770 21
770 23
770 21
770 19
770 19
770 21
770 19
770 18
770 18
770 21
770 19
770 20
770 20
770 19
770 23
770 24
780 21
780 17
780 17
780 21
780 28
780 19
780 21
780 23
780 18
780 22
780 17
780 21
780 20
780 22
780 20
780 21
780 22
780 22
780 22
780 18
780 20
780 17
780 19
780 22
780 20
780 20
780 21
780 25
780 16
780 17
780 24
780 23
780 19
780 19
780 21
780 23
780 19
780 17
780 21
780 18
780 20
780 21
780 19
780 19
780 20
780 21
780 20
780 22
780 23
780 20
790 19
790 23
790 23
790 18
790 18
790 19
790 22
790 19
790 20
790 24
790 24
790 26
790 18
790 21
790 18
790 18
790 21
790 19
790 22
790 20
790 21
790 19
790 27
790 20
790 18
790 21
790 20
790 18
790 21
790 23
790 21
790 19
790 18
790 18
790 18
790 19
790 22
790 20
790 22
790 18
790 19
790 21
790 18
790 20
790 20
790 21
790 21
790 21
790 22
790 20
800 19
800 21
800 22
800 19
800 19
800 20
800 21
800 17
800 20
800 17
800 20
800 23
800 23
800 24
800 21
800 21
800 21
800 22
800 18
800 19
800 19
800 22
800 21
800 19
800 20
800 23
800 18
800 22
800 18
800 18
800 22
800 22
800 22
800 22
800 19
800 19
800 19
800 22
800 21
800 17
800 21
800 21
800 19
800 20
800 21
800 20
800 19
800 21
800 21
800 19
810 18
810 18
810 21
810 17
810 18
810 19
810 15
810 19
810 19
810 18
810 22
810 19
810 20
810 25
810 22
810 23
810 21
810 23
810 21
810 19
810 18
810 22
810 24
810 21
810 20
810 22
810 19
810 21
810 19
810 19
810 21
810 22
810 17
810 20
810 24
810 19
810 22
810 21
810 22
810 25
810 18
810 20
810 28
810 23
810 20
810 22
810 18
810 19
810 19
810 19
820 20
820 17
820 22
820 21
820 21
820 23
820 23
820 23
820 23
820 20
820 22
820 20
820 19
820 18
820 21
820 21
820 22
820 20
820 21
820 20
820 24
820 17
820 21
820 22
820 23
820 20
820 20
820 20
820 19
820 18
820 17
820 21
820 22
820 18
820 18
820 19
820 21
820 21
820 20
820 24
820 18
820 21
820 19
820 20
820 22
820 23
820 22
820 18
820 24
820 21
830 21
830 21
830 19
830 22
830 19
830 21
830 21
830 17
830 20
830 29
830 25
830 19
830 23
830 25
830 22
830 21
830 22
830 19
830 21
830 23
830 19
830 20
830 24
830 20
830 20
830 23
830 20
830 21
830 23
830 22
830 18
830 18
830 19
830 25
830 20
830 24
830 20
830 23
830 20
830 24
830 23
830 22
830 25
830 24
830 24
830 19
830 18
830 20
830 18
830 23
840 26
840 21
840 20
840 22
840 20
840 17
840 19
840 18
840 20
840 19
840 19
840 21
840 18
840 20
840 22
840 26
840 17
840 20
840 19
840 21
840 18
840 19
840 19
840 21
840 23
840 22
840 20
840 25
840 20
840 20
840 21
840 23
840 18
840 22
840 26
840 20
840 22
840 22
840 17
840 20
840 23
840 21
840 20
840 21
840 19
840 22
840 19
840 21
840 20
840 22
850 24
850 21
850 23
850 20
850 19
850 21
850 22
850 19
850 26
850 27
850 24
850 21
850 24
850 22
850 18
850 24
850 20
850 17
850 18
850 24
850 20
850 20
850 21
850 24
850 19
850 21
850 20
850 20
850 19
850 20
850 19
850 19
850 21
850 22
850 22
850 18
850 23
850 21
850 17
850 21
850 21
850 21
850 21
850 19
850 23
850 21
850 21
850 21
850 20
850 20
860 19
860 22
860 18
860 19
860 19
860 23
860 19
860 23
860 22
860 22
860 19
860 23
860 22
860 22
860 24
860 21
860 20
860 19
860 20
860 24
860 22
860 20
860 19
860 20
860 23
860 20
860 19
860 17
860 20
860 19
860 18
860 19
860 20
860 18
860 18
860 22
860 21
860 22
860 22
860 18
860 21
860 23
860 18
860 24
860 22
860 19
860 21
860 21
860 18
860 19
870 22
870 20
870 20
870 21
870 20
870 22
870 22
870 23
870 20
870 24
870 19
870 24
870 20
870 21
870 18
870 21
870 21
870 26
870 20
870 20
870 20
870 20
870 20
870 21
870 24
870 19
870 24
870 21
870 22
870 20
870 23
870 19
870 22
870 20
870 23
870 26
870 20
870 20
870 21
870 19
870 19
870 19
870 23
870 20
870 20
870 21
870 21
870 24
870 22
870 22
880 22
880 24
880 21
880 20
880 19
880 20
880 19
880 21
880 22
880 21
880 20
880 22
880 21
880 19
880 22
880 22
880 21
880 23
880 20
880 23
880 22
880 24
880 19
880 23
880 21
880 20
880 21
880 19
880 21
880 22
880 24
880 20
880 19
880 20
880 24
880 18
880 19
880 22
880 19
880 20
880 20
880 20
880 19
880 20
880 20
880 27
880 22
880 19
880 22
880 18
890 20
890 20
890 20
890 21
890 20
890 19
890 19
890 21
890 18
890 19
890 21
890 23
890 19
890 24
890 24
890 20
890 25
890 24
890 20
890 20
890 21
890 21
890 19
890 20
890 20
890 22
890 20
890 21
890 21
890 21
890 20
890 21
890 20
890 19
890 23
890 20
890 17
890 17
890 22
890 20
890 20
890 22
890 23
890 22
890 22
890 19
890 21
890 19
890 18
890 24
900 19
900 20
900 21
900 23
900 23
900 23
900 19
900 22
900 19
900 21
900 19
900 22
900 22
900 19
900 23
900 19
900 24
900 19
900 20
900 20
900 25
900 20
900 21
900 23
900 23
900 20
900 17
900 18
900 20
900 19
900 24
900 22
900 24
900 23
900 18
900 20
900 25
900 24
900 25
900 20
900 23
900 20
900 18
900 31
900 18
900 23
900 20
900 19
900 23
900 19
910 24
910 22
910 20
910 20
910 22
910 22
910 21
910 20
910 22
910 20
910 22
910 20
910 19
910 23
910 18
910 21
910 21
910 21
910 21
910 24
910 20
910 21
910 19
910 19
910 21
910 19
910 22
910 20
910 23
910 18
910 21
910 25
910 21
910 20
910 23
910 22
910 22
910 25
910 19
910 21
910 20
910 21
910 26
910 21
910 24
910 23
910 23
910 18
910 21
910 22
920 23
920 20
920 18
920 21
920 21
920 19
920 19
920 21
920 21
920 22
920 29
920 20
920 20
920 22
920 25
920 22
920 19
920 23
920 23
920 19
920 22
920 20
920 25
920 20
920 20
920 23
920 19
920 20
920 23
920 23
920 21
920 23
920 21
920 20
920 20
920 21
920 21
920 23
920 23
920 20
920 20
920 20
920 21
920 20
920 22
920 22
920 24
920 19
920 25
920 21
930 20
930 23
930 23
930 19
930 20
930 19
930 20
930 21
930 19
930 21
930 19
930 21
930 20
930 28
930 20
930 20
930 22
930 19
930 24
930 21
930 23
930 19
930 21
930 19
930 20
930 23
930 23
930 18
930 21
930 23
930 20
930 18
930 21
930 21
930 22
930 25
930 22
930 19
930 20
930 20
930 23
930 20
930 22
930 24
930 21
930 19
930 24
930 20
930 22
930 19
940 23
940 21
940 23
940 22
940 22
940 25
940 21
940 21
940 21
940 21
940 21
940 20
940 20
940 26
940 23
940 22
940 24
940 20
940 21
940 21
940 22
940 22
940 21
940 23
940 22
940 24
940 21
940 20
940 20
940 20
940 24
940 21
940 21
940 25
940 21
940 22
940 20
940 23
940 22
940 23
940 21
940 22
940 25
940 20
940 22
940 18
940 19
940 20
940 20
940 23
950 22
950 21
950 20
950 20
950 22
950 21
950 19
950 24
950 23
950 23
950 25
950 23
950 22
950 22
950 21
950 20
950 16
950 20
950 20
950 24
950 21
950 20
950 20
950 22
950 19
950 27
950 24
950 23
950 21
950 20
950 21
950 20
950 23
950 19
950 20
950 21
950 22
950 20
950 20
950 23
950 24
950 21
950 20
950 24
950 26
950 24
950 26
950 21
950 19
950 19
960 19
960 23
960 19
960 19
960 20
960 18
960 25
960 21
960 21
960 23
960 17
960 22
960 19
960 21
960 21
960 24
960 20
960 22
960 18
960 20
960 20
960 22
960 22
960 19
960 23
960 21
960 22
960 19
960 20
960 21
960 22
960 22
960 27
960 20
960 22
960 21
960 18
960 21
960 22
960 20
960 24
960 21
960 21
960 21
960 21
960 20
960 19
960 18
960 19
960 20
970 20
970 24
970 21
970 20
970 20
970 20
970 23
970 20
970 18
970 20
970 28
970 22
970 20
970 21
970 23
970 21
970 20
970 26
970 19
970 22
970 20
970 20
970 19
970 24
970 21
970 21
970 19
970 18
970 24
970 19
970 22
970 20
970 21
970 17
970 21
970 21
970 19
970 22
970 19
970 21
970 21
970 23
970 21
970 23
970 19
970 19
970 22
970 22
970 20
970 21
980 23
980 18
980 21
980 19
980 19
980 19
980 22
980 19
980 21
980 24
980 22
980 23
980 19
980 22
980 19
980 19
980 23
980 20
980 22
980 20
980 21
980 25
980 23
980 24
980 20
980 17
980 19
980 18
980 25
980 22
980 21
980 20
980 25
980 22
980 23
980 21
980 24
980 20
980 19
980 21
980 23
980 20
980 21
980 23
980 23
980 19
980 21
980 20
980 19
980 20
990 20
990 19
990 22
990 19
990 21
990 24
990 20
990 18
990 18
990 24
990 21
990 23
990 21
990 22
990 20
990 22
990 22
990 22
990 22
990 19
990 18
990 21
990 21
990 22
990 21
990 19
990 19
990 23
990 23
990 21
990 21
990 20
990 24
990 21
990 19
990 19
990 17
990 23
990 22
990 17
990 24
990 21
990 21
990 22
990 21
990 22
990 18
990 18
990 22
990 21
1000 18
1000 24
1000 20
1000 22
1000 23
1000 22
1000 19
1000 21
1000 23
1000 24
1000 21
1000 23
1000 20
1000 19
1000 22
1000 23
1000 19
1000 22
1000 22
1000 19
1000 20
1000 22
1000 19
1000 19
1000 21
1000 22
1000 21
1000 18
1000 23
1000 24
1000 21
1000 20
1000 22
1000 24
1000 20
1000 24
1000 21
1000 19
1000 22
1000 22
1000 22
1000 23
1000 19
1000 24
1000 23
1000 24
1000 22
1000 23
1000 19
1000 20
