10 8.08
20 17.3
30 26.92
40 36.84
50 46.78
60 56.68
70 66.36
80 76.9
90 86.04
100 96.34
110 105.94
120 116.32
130 126.08
140 136.2
150 145.5
160 155.72
170 165.98
180 175.38
190 185.76
200 195.24
210 205.92
220 215.74
230 225.86
240 235.44
250 245.38
260 255.18
270 265.76
280 275.42
290 285.4
300 295.66
310 305.7
320 315.18
330 325.64
340 335.38
350 345.14
360 355.32
370 365.54
380 375.16
390 384.96
400 395.42
410 405.26
420 415.3
430 425.46
440 435.12
450 445.12
460 455.1
470 464.96
480 475.26
490 484.78
500 494.92
510 505.2
520 515.46
530 525.2
540 534.88
550 544.74
560 555.1
570 565.32
580 575.06
590 585.46
600 594.96
610 604.68
620 615.42
630 624.74
640 634.66
650 644.88
660 654.78
670 664.68
680 674.82
690 685.3
700 694.86
710 705.28
720 714.52
730 724.32
740 734.86
750 744.38
760 755.22
770 764.46
780 774.66
790 784.82
800 795.18
810 804.8
820 814.8
830 824.74
840 834.72
850 844.38
860 854.24
870 865.48
880 874.28
890 884.44
900 895.04
910 904.56
920 914.18
930 924.66
940 934.66
950 944.78
960 954.5
970 964.24
980 974.5
990 984.6
1000 994.64
1010 1004.88
1020 1014.48
1030 1024.4
1040 1034.28
1050 1044.56
1060 1054.9
1070 1064.08
1080 1074.76
1090 1084.6
1100 1094.0
1110 1104.5
1120 1114.7
1130 1125.16
1140 1134.72
1150 1144.36
1160 1154.22
1170 1164.46
1180 1174.26
1190 1184.52
1200 1194.4
1210 1205.28
1220 1214.74
1230 1224.32
1240 1233.54
1250 1244.98
1260 1254.1
1270 1264.34
1280 1274.16
1290 1284.82
1300 1294.36
1310 1304.32
1320 1314.18
1330 1324.22
1340 1334.2
1350 1344.42
1360 1354.62
1370 1364.08
1380 1374.44
1390 1384.56
1400 1395.02
1410 1404.6
1420 1414.76
1430 1424.36
1440 1434.28
1450 1443.82
1460 1454.1
1470 1464.2
1480 1474.08
1490 1483.68
1500 1494.04
1510 1504.2
1520 1514.5
1530 1524.66
1540 1534.26
1550 1544.58
1560 1554.52
1570 1564.62
1580 1574.34
1590 1584.5
1600 1594.56
1610 1604.28
1620 1614.18
1630 1624.32
1640 1633.8
1650 1644.56
1660 1654.6
1670 1664.1
1680 1673.96
1690 1684.46
1700 1694.02
1710 1703.88
1720 1714.28
1730 1724.0
1740 1734.32
1750 1744.26
1760 1754.14
1770 1763.4
1780 1773.96
1790 1784.44
1800 1794.44
1810 1803.84
1820 1814.42
1830 1824.16
1840 1834.64
1850 1844.6
1860 1854.46
1870 1863.84
1880 1873.86
1890 1884.46
1900 1893.74
1910 1904.2
1920 1913.86
1930 1924.32
1940 1934.46
1950 1944.04
1960 1954.04
1970 1964.46
1980 1974.0
1990 1983.6
2000 1993.9
