100 12.65
200 15.03
300 16.56
400 17.99
500 18.69
600 19.28
700 20.01
800 20.5
900 20.96
1000 21.27
1100 21.6
1200 22.01
1300 22.36
1400 22.54
1500 22.8
1600 23.4
1700 23.31
1800 23.44
1900 23.59
2000 24.03
2100 24.41
2200 24.92
2300 24.7
2400 24.69
2500 24.89
2600 25.17
2700 25.23
2800 25.08
2900 25.92
3000 25.84
3100 25.68
3200 26.01
3300 26.3
3400 25.66
3500 26.13
3600 26.62
3700 26.53
3800 26.74
3900 26.92
4000 26.48
4100 27.18
4200 27.03
4300 27.53
4400 27.04
4500 27.33
4600 27.59
4700 27.5
4800 27.52
4900 27.45
5000 27.28
