10 4.84
20 6.72
30 7.94
40 8.8
50 9.58
60 10.64
70 11.3
80 11.58
90 12.0
100 12.08
110 12.8
120 12.7
130 13.46
140 13.2
150 13.98
160 13.4
170 14.38
180 14.66
190 14.62
200 14.88
210 14.94
220 15.16
230 15.32
240 15.3
250 15.68
260 15.68
270 15.9
280 16.24
290 16.54
300 16.5
310 16.52
320 16.74
330 16.8
340 17.18
350 17.1
360 16.6
370 17.2
380 17.8
390 17.22
400 17.56
410 17.8
420 17.96
430 18.36
440 17.62
450 17.68
460 17.88
470 18.48
480 18.48
490 18.16
500 18.14
510 18.14
520 18.34
530 18.42
540 18.94
550 18.88
560 19.12
570 18.56
580 18.94
590 18.88
600 19.14
610 19.06
620 19.08
630 19.5
640 19.74
650 18.86
660 19.4
670 19.44
680 19.52
690 19.88
700 19.16
710 19.84
720 19.76
730 19.68
740 19.88
750 20.1
760 20.06
770 20.04
780 20.2
790 20.4
800 20.04
810 20.2
820 20.1
830 20.92
840 20.04
850 20.56
860 19.96
870 20.56
880 20.36
890 20.74
900 20.58
910 20.78
920 20.68
930 20.66
940 20.64
950 21.22
960 20.82
970 21.16
980 20.54
990 21.74
1000 21.02
1010 21.0
1020 20.84
1030 21.38
1040 21.66
1050 21.26
1060 21.0
1070 21.56
1080 21.3
1090 21.12
1100 21.58
1110 21.8
1120 21.22
1130 21.68
1140 22.04
1150 22.06
1160 21.66
1170 21.26
1180 21.82
1190 21.92
1200 21.52
1210 21.84
1220 21.56
1230 21.72
1240 21.7
1250 22.38
1260 22.54
1270 22.06
1280 22.24
1290 22.18
1300 22.02
1310 22.74
1320 21.9
1330 22.82
1340 22.36
1350 22.38
1360 22.22
1370 22.62
1380 21.66
1390 22.42
1400 22.32
1410 22.32
1420 22.52
1430 22.3
1440 21.86
1450 22.34
1460 22.6
1470 23.4
1480 22.52
1490 22.52
1500 22.68
1510 23.02
1520 22.86
1530 23.02
1540 22.78
1550 22.74
1560 22.34
1570 22.72
1580 22.72
1590 22.84
1600 22.8
1610 22.88
1620 22.88
1630 23.18
1640 23.06
1650 23.22
1660 23.06
1670 23.18
1680 23.22
1690 23.12
1700 23.36
1710 23.42
1720 23.56
1730 23.24
1740 23.22
1750 22.98
1760 23.18
1770 23.1
1780 23.04
1790 22.78
1800 23.6
1810 23.12
1820 23.16
1830 23.72
1840 23.74
1850 23.64
1860 23.38
1870 23.9
1880 23.4
1890 23.58
1900 23.44
1910 23.98
1920 23.42
1930 23.7
1940 23.46
1950 23.16
1960 23.36
1970 24.26
1980 24.3
1990 23.94
2000 24.04
