10 7.78
20 16.76
30 26.1
40 36.02
50 45.98
60 56.16
70 65.9
80 75.4
90 85.08
100 95.34
110 105.0
120 115.14
130 125.28
140 135.06
150 144.98
160 154.62
170 164.76
180 174.58
190 184.02
200 194.76
210 204.72
220 214.26
230 223.98
240 234.5
250 243.8
260 254.22
270 264.54
280 274.66
290 284.14
300 294.86
310 303.98
320 314.34
330 324.26
340 333.76
350 344.24
360 354.02
370 364.08
380 374.04
390 383.96
400 394.04
410 404.38
420 414.5
430 424.16
440 434.72
450 443.92
460 453.9
470 463.64
480 473.6
490 483.3
500 493.62
510 503.16
520 513.9
530 523.54
540 533.32
550 543.36
560 553.64
570 563.92
580 572.96
590 583.34
600 593.5
610 603.32
620 613.94
630 624.0
640 633.32
650 643.2
660 653.34
670 663.64
680 673.7
690 684.0
700 693.42
710 703.68
720 713.02
730 723.6
740 733.36
750 743.4
760 752.76
770 763.6
780 773.46
790 782.86
800 793.38
810 802.98
820 813.32
830 822.88
840 833.46
850 842.92
860 853.44
870 863.1
880 873.38
890 883.36
900 893.32
910 902.96
920 913.36
930 922.96
940 933.0
950 943.62
960 953.0
970 963.02
980 972.84
990 982.3
1000 993.46
1010 1003.62
1020 1013.14
1030 1023.2
1040 1032.62
1050 1042.88
1060 1053.2
1070 1062.74
1080 1073.42
1090 1083.22
1100 1093.16
1110 1103.04
1120 1112.54
1130 1123.38
1140 1132.32
1150 1142.5
1160 1153.14
1170 1163.1
1180 1172.74
1190 1182.58
1200 1192.98
1210 1202.76
1220 1213.16
1230 1222.78
1240 1233.08
1250 1242.72
1260 1253.56
1270 1262.46
1280 1272.68
1290 1282.98
1300 1293.26
1310 1301.64
1320 1312.76
1330 1322.66
1340 1332.38
1350 1342.86
1360 1352.94
1370 1362.62
1380 1372.62
1390 1382.34
1400 1392.72
1410 1403.18
1420 1412.74
1430 1422.4
1440 1432.82
1450 1442.32
1460 1452.76
1470 1462.3
1480 1472.92
1490 1482.54
1500 1492.7
1510 1502.42
1520 1512.4
1530 1522.02
1540 1532.78
1550 1542.86
1560 1552.6
1570 1562.32
1580 1572.76
1590 1582.38
1600 1592.34
1610 1601.94
1620 1611.98
1630 1622.76
1640 1632.28
1650 1642.7
1660 1652.52
1670 1662.64
1680 1672.54
1690 1682.28
1700 1692.58
1710 1702.12
1720 1712.36
1730 1722.0
1740 1732.88
1750 1742.46
1760 1752.26
1770 1762.78
1780 1772.52
1790 1782.4
1800 1792.38
1810 1802.96
1820 1812.5
1830 1822.34
1840 1832.86
1850 1842.5
1860 1852.6
1870 1862.14
1880 1872.72
1890 1882.22
1900 1892.34
1910 1902.74
1920 1912.66
1930 1921.6
1940 1931.94
1950 1942.9
1960 1952.44
1970 1962.98
1980 1972.28
1990 1982.3
2000 1992.42
