10 4.66
20 6.7
30 8.18
40 9.22
50 9.8
60 10.26
70 10.94
80 11.72
90 11.94
100 12.56
110 12.98
120 13.28
130 13.62
140 13.88
150 13.88
160 14.28
170 14.4
180 14.48
190 15.24
200 14.7
210 15.18
220 15.48
230 15.24
240 15.56
250 15.86
260 16.44
270 15.88
280 16.26
290 16.48
300 17.0
310 17.1
320 17.22
330 16.86
340 16.62
350 16.8
360 17.5
370 17.4
380 17.26
390 17.74
400 17.46
410 17.6
420 18.1
430 18.02
440 18.04
450 18.5
460 18.88
470 18.66
480 18.52
490 18.64
500 18.34
510 18.92
520 18.56
530 18.88
540 19.34
550 18.86
560 19.3
570 18.76
580 19.36
590 19.4
600 19.52
610 19.06
620 19.68
630 19.52
640 20.02
650 19.18
660 19.54
670 20.28
680 19.98
690 20.2
700 20.22
710 19.68
720 20.06
730 20.08
740 20.32
750 20.14
760 20.54
770 21.2
780 20.08
790 20.04
800 19.98
810 20.34
820 20.38
830 20.82
840 20.4
850 20.04
860 20.72
870 20.78
880 21.62
890 20.16
900 20.54
910 20.64
920 21.26
930 21.0
940 20.96
950 20.8
960 21.06
970 20.98
980 20.84
990 21.66
1000 21.08
1010 21.04
1020 21.18
1030 21.68
1040 21.7
1050 21.82
1060 21.44
1070 21.8
1080 21.68
1090 21.18
1100 21.8
1110 21.88
1120 21.86
1130 21.94
1140 21.92
1150 21.92
1160 21.7
1170 21.46
1180 22.6
1190 22.36
1200 21.52
1210 22.36
1220 21.98
1230 22.36
1240 22.26
1250 22.12
1260 22.18
1270 22.5
1280 22.26
1290 22.44
1300 22.64
1310 22.02
1320 22.58
1330 22.42
1340 23.4
1350 22.52
1360 22.66
1370 22.0
1380 22.4
1390 22.84
1400 22.62
1410 22.62
1420 22.74
1430 22.7
1440 23.32
1450 22.6
1460 22.88
1470 23.14
1480 22.64
1490 23.2
1500 22.94
1510 22.78
1520 22.7
1530 22.74
1540 23.04
1550 23.36
1560 23.64
1570 22.92
1580 23.86
1590 23.1
1600 23.5
1610 23.34
1620 23.32
1630 23.46
1640 23.5
1650 22.6
1660 23.12
1670 23.38
1680 23.4
1690 23.38
1700 23.24
1710 23.46
1720 23.4
1730 23.7
1740 23.36
1750 23.66
1760 23.78
1770 23.18
1780 24.02
1790 23.46
1800 23.54
1810 24.12
1820 24.0
1830 23.94
1840 23.6
1850 23.24
1860 23.68
1870 24.26
1880 23.64
1890 24.1
1900 23.98
1910 23.46
1920 23.58
1930 24.34
1940 23.64
1950 23.8
1960 24.18
1970 23.92
1980 23.76
1990 24.16
2000 24.0
