10 7.58
20 16.56
30 26.34
40 36.14
50 45.94
60 55.96
70 65.52
80 75.68
90 85.54
100 95.06
110 105.3
120 115.28
130 125.06
140 134.7
150 144.78
160 154.64
170 164.88
180 174.9
190 184.88
200 194.06
210 204.36
220 214.28
230 224.32
240 234.58
250 244.62
260 254.44
270 264.28
280 274.34
290 284.04
300 294.5
310 304.18
320 314.5
330 324.0
340 333.8
350 344.38
360 353.86
370 364.04
380 374.5
390 383.62
400 394.3
410 403.84
420 413.82
430 424.2
440 433.76
450 444.36
460 453.4
470 463.5
480 473.24
490 483.62
500 493.84
510 503.2
520 514.2
530 524.14
540 533.8
550 543.72
560 553.6
570 563.5
580 573.5
590 583.6
600 593.16
610 603.52
620 613.94
630 623.76
640 633.62
650 643.02
660 653.96
670 663.56
680 673.34
690 683.22
700 692.6
710 702.82
720 713.52
730 723.38
740 733.46
750 743.46
760 753.08
770 762.96
780 772.66
790 783.7
800 793.5
810 803.26
820 812.94
830 823.1
840 832.66
850 843.58
860 853.76
870 863.52
880 872.98
890 883.4
900 892.88
910 902.28
920 912.94
930 923.44
940 932.8
950 943.66
960 952.92
970 963.6
980 972.46
990 983.58
1000 992.82
1010 1003.06
1020 1013.06
1030 1023.24
1040 1032.8
1050 1043.08
1060 1053.14
1070 1063.0
1080 1073.46
1090 1082.54
1100 1093.14
1110 1103.36
1120 1112.48
1130 1122.48
1140 1132.84
1150 1143.04
1160 1152.22
1170 1163.14
1180 1173.32
1190 1183.32
1200 1192.34
1210 1202.54
1220 1212.52
1230 1222.9
1240 1232.68
1250 1242.42
1260 1252.92
1270 1262.4
1280 1272.28
1290 1282.28
1300 1292.5
1310 1302.64
1320 1311.96
1330 1323.16
1340 1332.68
1350 1342.54
1360 1352.54
1370 1362.12
1380 1372.38
1390 1383.06
1400 1392.66
1410 1402.76
1420 1412.74
1430 1422.58
1440 1432.78
1450 1442.74
1460 1452.78
1470 1462.54
1480 1473.08
1490 1482.32
1500 1492.56
1510 1502.8
1520 1512.5
1530 1522.7
1540 1533.34
1550 1542.64
1560 1552.1
1570 1561.96
1580 1572.94
1590 1582.48
1600 1592.84
1610 1603.04
1620 1612.7
1630 1622.72
1640 1632.6
1650 1642.92
1660 1652.78
1670 1662.44
1680 1672.66
1690 1682.44
1700 1692.44
1710 1702.0
1720 1712.16
1730 1722.2
1740 1732.02
1750 1742.98
1760 1752.34
1770 1762.36
1780 1772.8
1790 1782.66
1800 1792.5
1810 1801.54
1820 1813.18
1830 1822.84
1840 1831.72
1850 1842.2
1860 1852.94
1870 1861.96
1880 1872.46
1890 1882.52
1900 1892.24
1910 1902.06
1920 1912.64
1930 1922.52
1940 1932.72
1950 1942.28
1960 1952.2
1970 1962.52
1980 1972.14
1990 1982.58
2000 1992.42
