10 4.88
20 7.2
30 8.18
40 9.38
50 10.06
60 10.96
70 11.2
80 11.42
90 12.18
100 12.86
110 12.84
120 13.26
130 13.4
140 13.82
150 14.26
160 14.2
170 14.48
180 14.78
190 14.58
200 15.4
210 15.06
220 15.62
230 15.68
240 15.66
250 15.92
260 16.1
270 16.22
280 16.18
290 16.3
300 16.6
310 17.12
320 17.38
330 17.36
340 17.28
350 16.94
360 17.96
370 17.64
380 17.96
390 17.5
400 17.8
410 17.98
420 18.44
430 18.2
440 18.32
450 18.24
460 18.18
470 18.2
480 18.66
490 18.36
500 18.82
510 18.86
520 19.46
530 19.12
540 18.96
550 18.4
560 19.16
570 18.62
580 19.42
590 18.98
600 19.72
610 18.9
620 19.38
630 19.8
640 19.54
650 19.58
660 19.32
670 19.8
680 19.56
690 19.88
700 19.68
710 20.34
720 19.96
730 20.12
740 19.7
750 20.34
760 19.94
770 19.92
780 20.1
790 20.36
800 20.62
810 20.72
820 20.52
830 19.76
840 20.6
850 20.78
860 20.88
870 21.18
880 21.42
890 20.86
900 20.96
910 20.8
920 21.02
930 20.9
940 21.06
950 20.68
960 21.88
970 21.2
980 21.22
990 21.5
1000 21.32
1010 21.16
1020 21.18
1030 21.68
1040 21.1
1050 21.44
1060 21.56
1070 22.24
1080 21.78
1090 21.5
1100 22.02
1110 21.22
1120 22.1
1130 22.04
1140 21.46
1150 21.4
1160 21.78
1170 21.92
1180 21.96
1190 22.08
1200 22.2
1210 22.02
1220 22.1
1230 21.98
1240 22.68
1250 22.3
1260 22.72
1270 22.36
1280 22.02
1290 22.0
1300 22.6
1310 22.16
1320 23.0
1330 22.42
1340 22.78
1350 22.52
1360 22.54
1370 22.18
1380 22.4
1390 22.78
1400 22.6
1410 22.76
1420 22.56
1430 22.66
1440 23.0
1450 22.76
1460 22.8
1470 23.02
1480 22.84
1490 22.54
1500 22.7
1510 22.86
1520 22.56
1530 23.24
1540 22.98
1550 22.92
1560 22.86
1570 23.28
1580 23.0
1590 23.0
1600 22.94
1610 23.48
1620 23.4
1630 22.92
1640 22.68
1650 23.34
1660 22.76
1670 23.96
1680 23.16
1690 23.2
1700 23.38
1710 23.6
1720 23.66
1730 23.12
1740 23.44
1750 23.7
1760 23.84
1770 23.96
1780 23.62
1790 23.58
1800 23.18
1810 23.6
1820 24.04
1830 23.92
1840 23.74
1850 23.7
1860 23.56
1870 24.34
1880 23.88
1890 24.26
1900 23.72
1910 23.52
1920 24.04
1930 23.9
1940 24.2
1950 24.1
1960 24.16
1970 24.16
1980 23.3
1990 23.7
2000 24.06
