100 95.25
200 194.54
300 294.18
400 393.99
500 494.07
600 593.62
700 693.26
800 793.43
900 893.24
1000 993.12
1100 1093.32
1200 1192.83
1300 1293.07
1400 1392.62
1500 1492.84
1600 1592.49
1700 1692.91
1800 1792.77
1900 1892.73
2000 1992.21
2100 2092.67
2200 2192.14
2300 2292.17
2400 2392.32
2500 2492.47
2600 2592.24
2700 2692.16
2800 2791.61
2900 2891.97
3000 2991.89
3100 3091.98
3200 3192.27
3300 3291.48
3400 3391.97
3500 3491.67
3600 3591.73
3700 3691.97
3800 3791.17
3900 3891.7
4000 3991.59
4100 4091.79
4200 4191.28
4300 4291.44
4400 4391.39
4500 4491.06
4600 4591.74
4700 4691.24
4800 4791.49
4900 4891.01
5000 4991.19
